  [-1.00495, -1.816199, 3.985891],
  [-1.025003, -1.899604, 3.932573],
  [-1.023337, -1.818742, 4.129598],
  [-1.052005, -1.717393, 4.157661],
  [-1.14064, -1.907733, 4.16969],
  [-1.132824, -1.999156, 4.116863],
  [-1.135468, -1.924851, 4.274047],
  [-1.276085, -1.845089, 4.137799],
  [-1.350275, -1.897445, 4.191419],
  [-1.274813, -1.74488, 4.170612],
  [-1.313569, -1.846665, 3.990297],
  [-1.336524, -1.741372, 3.926959],
  [-1.336832, -1.958394, 3.939302],
  [-0.901528, -1.852367, 4.214433],
  [-0.889072, -1.798309, 4.324102],
  [-0.809819, -1.94294, 4.17966],
  [-0.81206, -2.028655, 4.062852],
  [-0.899151, -2.093076, 4.067367],
  [-0.817322, -1.967381, 3.97356],
  [-0.686036, -2.114551, 4.057691],
  [-0.702703, -2.218649, 4.005925],
  [-0.597901, -2.064434, 3.998409],
  [-0.659855, -2.125032, 4.207662],
  [-0.719964, -2.208818, 4.253587],
  [-0.550826, -2.145558, 4.228481],
  [-0.702016, -1.98979, 4.264394],
  [-0.737181, -2.001399, 4.366912],
  [-0.585408, -1.892085, 4.259725],
  [-0.55567, -1.842362, 4.151336],
  [-0.513799, -1.863439, 4.368692],
  [-0.543246, -1.919185, 4.499158],
  [-0.645354, -1.891642, 4.52942],
  [-0.535829, -2.028875, 4.495502],
  [-0.442625, -1.863699, 4.599576],
  [-0.489882, -1.842423, 4.703958],
  [-0.353619, -1.936299, 4.619291],
  [-0.40033, -1.736513, 4.526626],
  [-0.464579, -1.653248, 4.557277],
  [-0.296332, -1.712585, 4.551372],
  [-0.413564, -1.759076, 4.376285],
  [-0.451039, -1.668497, 4.328618],
  [-0.282935, -1.801432, 4.310655],
  [-0.275953, -1.893883, 4.22998],
  [-0.17819, -1.723553, 4.338685],
  [-0.183892, -1.65478, 4.412435],
  [-0.054201, -1.735371, 4.264636],
  [-0.080831, -1.719351, 4.160161],
  [0.039058, -1.620283, 4.301305],
  [-0.013305, -1.531201, 4.287887],
  [0.067044, -1.632333, 4.400949],
  [0.166373, -1.612812, 4.217509],
  [0.232632, -1.691516, 4.24793],
  [0.140587, -1.624648, 4.114043],
  [0.237146, -1.478853, 4.235757],
  [0.165413, -1.394272, 4.221812],
  [0.280779, -1.471102, 4.338372],
  [0.347172, -1.473887, 4.130134],
  [0.409422, -1.565397, 4.135522],
  [0.302628, -1.471092, 4.028711],
  [0.453892, -1.357533, 4.119321],
  [0.413647, -1.341992, 4.186963],
  [0.430383, -1.354615, 4.152242],
  [0.497214, -1.34572, 4.077039],
  [0.371611, -1.272518, 4.154876],
  [0.47954, -1.3636, 4.240014],
  [0.017979, -1.869315, 4.268378],
  [0.081595, -1.909003, 4.171003],
  [-0.012347, -1.947569, 4.372201],
  [-0.070358, -1.907989, 4.444791],
  [0.028486, -2.084881, 4.393979],
  [0.135595, -2.09052, 4.374564],
  [0.005908, -2.128589, 4.53843],
  [0.031059, -2.232486, 4.547612],
  [0.068706, -2.069936, 4.602678],
  [-0.128477, -2.110572, 4.577123],
  [-0.140313, -2.148314, 4.664596],
  [-0.040116, -2.182515, 4.299499],
  [0.020014, -2.284538, 4.266633],
  [-0.160255, -2.159361, 4.246087],
  [-0.211267, -2.078077, 4.277581],
  [-0.226233, -2.240377, 4.145692],
  [-0.177569, -2.331709, 4.141996],
  [-0.32469, -2.253021, 4.175182],
  [-0.227182, -2.182744, 4.004829],
  [-0.24666, -2.260855, 3.911966],
  [-0.210942, -2.052608, 3.979867],
  [-0.198446, -1.98847, 4.056882],
  [-0.210219, -1.997134, 3.846008],
  [-0.161708, -2.070934, 3.782125],
  [-0.346326, -1.968246, 3.783342],
  [-0.404101, -2.060345, 3.791137],
  [-0.473656, -1.866968, 3.818378],
  [-0.402541, -1.836904, 3.868703],
  [-0.433898, -1.85726, 3.840785],
  [-0.534061, -1.864314, 3.798375],
  [-0.439549, -1.867768, 3.94913],
  [-0.390725, -1.760308, 3.81594],
  [-0.325619, -1.892193, 3.636762],
  [-0.338339, -1.981447, 3.617631],
  [-0.332636, -1.938258, 3.634343],
  [-0.315191, -1.831603, 3.620145],
  [-0.248692, -1.994509, 3.593471],
  [-0.424231, -1.967213, 3.582834],
  [-0.118072, -1.876062, 3.849984],
  [-0.13668, -1.788817, 3.93452],
  [-0.019436, -1.863729, 3.760871],
  [0.004921, -1.944056, 3.704698],
  [0.057231, -1.743088, 3.737119],
  [0.025852, -1.669074, 3.810727],
  [0.202962, -1.777958, 3.765989],
  [0.204863, -1.828652, 3.854472],
  [0.235911, -1.836007, 3.688867],
  [0.300006, -1.660911, 3.778981],
  [0.293986, -1.600087, 3.690124],
  [0.272988, -1.602122, 3.86527],
  [0.443208, -1.710963, 3.79557],
  [0.446965, -1.759091, 3.88358],
  [0.461431, -1.772462, 3.718353],
  [0.555702, -1.607863, 3.797075],
  [0.581853, -1.572948, 3.69157],
  [0.525302, -1.513617, 3.853889],
  [0.668371, -1.710057, 3.840739],
  [0.680143, -1.645728, 3.887212],
  [0.669621, -1.675155, 3.86136],
  [0.681761, -1.766916, 3.820943],
  [0.753456, -1.620707, 3.846936],
  [0.651976, -1.684109, 3.960403],
  [0.041512, -1.680449, 3.599298],
  [0.061026, -1.559549, 3.58895],
  [-0.007701, -1.76088, 3.504792],
  [-0.019506, -1.859283, 3.524245],
  [-0.045771, -1.713425, 3.373285],
  [-0.114585, -1.630118, 3.387628],
  [0.078494, -1.658114, 3.304105],
  [0.089432, -1.557041, 3.331819],
  [0.161722, -1.714403, 3.335859],
  [0.071209, -1.66537, 3.151853],
  [0.050226, -1.767306, 3.121923],
  [-0.010163, -1.603002, 3.116983],
  [0.200956, -1.619641, 3.086738],
  [0.19473, -1.528758, 3.001143],
  [0.306467, -1.685437, 3.099508],
  [-0.120951, -1.821458, 3.296853],
  [-0.231042, -1.798713, 3.247182],
  [-0.06124, -1.940548, 3.288221],
  [0.019659, -1.956874, 3.346442],
  [-0.100278, -2.051077, 3.20304],
  [-0.151423, -2.004967, 3.118547],
  [0.034254, -2.097046, 3.147586],
  [0.01645, -2.146626, 3.057821],
  [0.093015, -2.012494, 3.132379],
  [0.111572, -2.191872, 3.238782],
  [0.125366, -2.145454, 3.336831],
  [0.05569, -2.285112, 3.250686],
  [0.247686, -2.221284, 3.176374],
  [0.234025, -2.266199, 3.077368],
  [0.304488, -2.128162, 3.165995],
  [0.323528, -2.318042, 3.266774],
  [0.341225, -2.270468, 3.360509],
  [0.262604, -2.40386, 3.283696],
  [0.463002, -2.387998, 3.240361],
  [0.452319, -2.339498, 3.17735],
  [0.452416, -2.36196, 3.21112],
  [0.494633, -2.429581, 3.273139],
  [0.437427, -2.404142, 3.120582],
  [0.51381, -2.282356, 3.201373],
  [-0.192233, -2.163631, 3.248213],
  [-0.232489, -2.244392, 3.164777],
  [-0.237902, -2.172396, 3.373353],
  [-0.219179, -2.097916, 3.438951],
  [-0.314564, -2.286086, 3.420188],
  [-0.26234, -2.379398, 3.399057],
  [-0.341422, -2.271599, 3.569705],
  [-0.250973, -2.265889, 3.615962],
  [-0.395391, -2.186265, 3.582305],
  [-0.419243, -2.384301, 3.637002],
  [-0.424772, -2.365154, 3.743314],
  [-0.519073, -2.388269, 3.595554],
  [-0.349876, -2.518209, 3.613679],
  [-0.349826, -2.544107, 3.504733],
  [-0.242532, -2.51298, 3.645141],
  [-0.421205, -2.62006, 3.690763],
  [-0.503662, -2.660352, 3.648593],
  [-0.383734, -2.662165, 3.812333],
  [-0.448962, -2.761753, 3.873845],
  [-0.527559, -2.806185, 3.828576],
  [-0.419529, -2.792383, 3.965478],
  [-0.293819, -2.602624, 3.891868],
  [-0.247629, -2.518108, 3.861461],
  [-0.272235, -2.642262, 3.982223],
  [-0.453182, -2.286223, 3.357339],
  [-0.522138, -2.184851, 3.365903],
  [-0.482165, -2.396821, 3.288413],
  [-0.415166, -2.472156, 3.282346],
  [-0.609397, -2.41215, 3.22079],
  [-0.618901, -2.519297, 3.203176],
  [-0.725442, -2.377376, 3.313586],
  [-0.691017, -2.385951, 3.408296],
  [-0.752897, -2.282434, 3.292121],
  [-0.851222, -2.463256, 3.304059],
  [-0.879622, -2.468347, 3.203194],
  [-0.828341, -2.558742, 3.341008],
  [-0.96929, -2.408628, 3.383825],
  [-0.941341, -2.40238, 3.487043],
  [-0.99405, -2.311274, 3.346627],
  [-1.091816, -2.498733, 3.371354],
  [-1.065861, -2.597023, 3.404592],
  [-1.168931, -2.461103, 3.435201],
  [-1.179818, -2.524245, 3.242323],
  [-1.112229, -2.491074, 3.214609],
  [-1.143904, -2.507311, 3.234053],
  [-1.236049, -2.54864, 3.235472],
  [-1.14922, -2.414675, 3.194162],
  [-1.082258, -2.564514, 3.178119],
  [-0.609831, -2.349665, 3.08201],
  [-0.714672, -2.335223, 3.019525],
  [-0.494233, -2.312964, 3.026218],
  [-0.405712, -2.328333, 3.072356],
  [-0.49782, -2.249543, 2.895983],
  [-0.568428, -2.166555, 2.89889],
  [-0.357766, -2.194681, 2.870254],
  [-0.328177, -2.140566, 2.954812],
  [-0.293742, -2.275831, 2.853832],
  [-0.348493, -2.102052, 2.749337],
  [-0.37805, -2.155725, 2.668398],
  [-0.410561, -2.023696, 2.767046],
  [-0.211219, -2.043904, 2.716756],
  [-0.220669, -1.986958, 2.630492],
  [-0.181876, -1.985163, 2.797143],
  [-0.101737, -2.147377, 2.692386],
  [-0.098325, -2.21765, 2.776103],
  [-0.124907, -2.204835, 2.602273],
  [0.026189, -2.071639, 2.638137],
  [0.043068, -2.087644, 2.714919],
  [0.029297, -2.08229, 2.677148],
  [0.039299, -2.04838, 2.582538],
  [0.036132, -2.004781, 2.741541],
  [0.102556, -2.148957, 2.696887],
  [-0.544214, -2.350399, 2.791865],
  [-0.478605, -2.45267, 2.773408],
  [-0.655738, -2.323251, 2.723692],
  [-0.711846, -2.24451, 2.752893],
  [-0.704532, -2.397875, 2.60947],
  [-0.680242, -2.502134, 2.629984],
  [-0.862263, -2.345737, 2.599459],
  [-0.865873, -2.431847, 2.632114],
  [-0.856766, -2.389208, 2.615497],
  [-0.889041, -2.291142, 2.580529],
  [-0.900151, -2.466455, 2.552001],
  [-0.890002, -2.403826, 2.718274],
  [-0.646474, -2.368588, 2.47186],
  [-0.647467, -2.461422, 2.391326],
  [-0.600629, -2.245148, 2.449884],
  [-0.604331, -2.176121, 2.523521],
  [-0.544718, -2.205476, 2.322225],
  [-0.505479, -2.297417, 2.278774],
  [-0.687866, -2.140883, 2.267143],
  [-0.658761, -2.198343, 2.201225],
  [-0.667429, -2.171254, 2.238214],
  [-0.729134, -2.099034, 2.291671],
  [-0.635648, -2.128477, 2.143129],
  [-0.725277, -2.261772, 2.219749],
  [-0.424413, -2.113015, 2.334182],
  [-0.422021, -2.035925, 2.429868],
  [-0.325023, -2.119144, 2.245263],
  [-0.337507, -2.176049, 2.162759],
  [-0.198374, -2.04978, 2.257297],
  [-0.150943, -2.075402, 2.352032],
  [-0.106745, -2.087959, 2.141397],
  [-0.150961, -2.055061, 2.045411],
  [-0.00795, -2.039515, 2.153354],
  [-0.092532, -2.228234, 2.14277],
  [-0.059218, -2.254635, 2.228847],
  [-0.215047, -1.898851, 2.246926],
  [-0.312872, -1.848968, 2.191732],
  [-0.126592, -1.825502, 2.314882],
  [-0.049378, -1.87263, 2.359802],
  [-0.131744, -1.681499, 2.33013],
  [-0.235392, -1.647837, 2.327877],
  [-0.070448, -1.650923, 2.466491],
  [-0.13572, -1.690325, 2.548653],
  [0.025432, -1.707378, 2.480037],
  [-0.047472, -1.502665, 2.483604],
  [0.081195, -1.447495, 2.484593],
  [0.166743, -1.512751, 2.475253],
  [0.101347, -1.309549, 2.497428],
  [0.201286, -1.268606, 2.497499],
  [-0.009814, -1.225401, 2.510173],
  [0.003779, -1.118766, 2.520575],
  [-0.138676, -1.280119, 2.50937],
  [-0.22413, -1.215186, 2.521426],
  [-0.158387, -1.417775, 2.493169],
  [-0.258414, -1.458181, 2.488086],
  [-0.051543, -1.608548, 2.223308],
  [0.060786, -1.65073, 2.19671],
  [-0.095518, -1.493454, 2.171909],
  [-0.19049, -1.463737, 2.18918],
  [-0.011385, -1.407685, 2.090906],
  [0.090433, -1.417302, 2.128612],
  [-0.012979, -1.465283, 1.949603],
  [0.067204, -1.425301, 1.899106],
  [-0.004743, -1.567469, 1.957869],
  [-0.138097, -1.435985, 1.867298],
  [-0.22448, -1.472523, 1.920336],
  [-0.148518, -1.329355, 1.855826],
  [-0.133304, -1.500586, 1.729572],
  [-0.031439, -1.552934, 1.684993],
  [-0.239135, -1.495231, 1.648372],
  [-0.323306, -1.44802, 1.678161],
  [-0.235031, -1.53839, 1.557149],
  [-0.046329, -1.259558, 2.092477],
  [-0.15957, -1.217867, 2.115779],
  [0.0596, -1.180056, 2.075727],
  [0.151607, -1.21906, 2.06108],
  [0.044373, -1.03598, 2.078273],
  [-0.03267, -1.012035, 2.151567],
  [0.167211, -0.95143, 2.110662],
  [0.140863, -0.845666, 2.109849],
  [0.209793, -0.969143, 2.27057],
  [0.278727, -1.005799, 2.221595],
  [0.240734, -0.985821, 2.239885],
  [0.181413, -0.953155, 2.325297],
  [0.256063, -1.093596, 2.245447],
  [0.337316, -0.935313, 2.241343],
  [0.26313, -0.977919, 2.010768],
  [0.303152, -0.894813, 1.984164],
  [-0.008065, -0.995895, 1.941129],
  [-0.00488, -1.074789, 1.846948],
  [-0.035579, -0.867324, 1.918004],
  [-0.030748, -0.803255, 1.995933],
  [-0.072324, -0.808764, 1.790659],
  [-0.145562, -0.872762, 1.741449],
  [-0.131656, -0.669402, 1.809221],
  [-0.058387, -0.607336, 1.860801],
  [-0.119159, -0.595279, 1.660738],
  [-0.209165, -0.609276, 1.674779],
  [-0.162675, -0.60535, 1.674233],
  [-0.069728, -0.574472, 1.626394],
  [-0.213978, -0.677506, 1.610651],
  [-0.226506, -0.518253, 1.689096],
  [-0.241675, -0.670332, 1.934091],
  [-0.291249, -0.670801, 1.856399],
  [-0.260293, -0.670513, 1.891307],
  [-0.235696, -0.670255, 1.997496],
  [-0.319387, -0.582062, 1.867539],
  [-0.317807, -0.760019, 1.867605],
  [0.050608, -0.79567, 1.701883],
  [0.047794, -0.81574, 1.580665],
  [0.171277, -0.769459, 1.752618],
  [0.181274, -0.742651, 1.849481],
  [0.290527, -0.778637, 1.670815],
  [0.276885, -0.715555, 1.582976],
  [0.410623, -0.726574, 1.749259],
  [0.504547, -0.742284, 1.691503],
  [0.399596, -0.617597, 1.769429],
  [0.414583, -0.79886, 1.870256],
  [0.476968, -0.871173, 1.860509],
  [0.321389, -0.92012, 1.623965],
  [0.392348, -0.943604, 1.526406],
  [0.274203, -1.024355, 1.692746],
  [0.228342, -1.005832, 1.780807],
  [0.281766, -1.163795, 1.65408],
  [0.379083, -1.18038, 1.607869],
  [0.274324, -1.250226, 1.779623],
  [0.215016, -1.19972, 1.852043],
  [0.229769, -1.343355, 1.754032],
  [0.41198, -1.277111, 1.839746],
  [0.469563, -1.332875, 1.769552],
  [0.460593, -1.183835, 1.856737],
  [0.407125, -1.354139, 1.970924],
  [0.30529, -1.36015, 2.039468],
  [0.519743, -1.40581, 2.020617],
  [0.606998, -1.3936, 1.971236],
  [0.51769, -1.457112, 2.107593],
  [0.174911, -1.198152, 1.551286],
  [0.20832, -1.275071, 1.461443],
  [0.055109, -1.139533, 1.557093],
  [0.033253, -1.080659, 1.636195],
  [-0.047747, -1.154601, 1.456149],
  [-0.069999, -1.260831, 1.446101],
  [-0.176021, -1.083028, 1.497503],
  [-0.200453, -1.115572, 1.592044],
  [-0.15665, -0.981943, 1.496639],
  [-0.297224, -1.107205, 1.407993],
  [-0.272791, -1.073418, 1.307283],
  [-0.310477, -1.270391, 1.378121],
  [-0.388663, -1.245722, 1.420222],
  [-0.347174, -1.251153, 1.399575],
  [-0.271919, -1.312978, 1.350631],
  [-0.365638, -1.289192, 1.500039],
  [-0.439697, -1.254253, 1.342033],
  [-0.448869, -1.039518, 1.418935],
  [-0.404809, -1.016077, 1.496415],
  [-0.420907, -1.031432, 1.455402],
  [-0.499517, -1.039498, 1.380326],
  [-0.455951, -1.074145, 1.549361],
  [-0.395723, -0.926452, 1.470428],
  [-0.001684, -1.102942, 1.320597],
  [-0.0195, -1.164397, 1.215667],
  [0.081327, -0.998682, 1.328433],
  [0.09656, -0.960061, 1.420507],
  [0.154266, -0.931234, 1.222949],
  [0.084476, -0.912423, 1.141361],
  [0.198506, -0.79598, 1.278051],
  [0.111758, -0.740382, 1.307246],
  [0.25498, -0.811837, 1.367649],
  [0.280129, -0.712587, 1.183164],
  [0.403172, -0.651697, 1.207351],
  [0.428367, -0.565527, 1.108546],
  [0.516331, -0.50342, 1.100244],
  [0.326431, -0.568708, 1.021166],
  [0.319697, -0.514025, 0.936517],
  [0.232347, -0.659174, 1.066287],
  [0.138598, -0.683342, 1.018422],
  [0.268067, -1.015857, 1.167691],
  [0.282352, -1.026376, 1.046079],
  [0.338638, -1.084924, 1.257536],
  [0.322578, -1.068381, 1.35587],
  [0.438609, -1.18389, 1.222789],
  [0.515526, -1.133777, 1.164024],
  [0.505528, -1.240273, 1.347808],
  [0.490883, -1.173484, 1.420435],
  [0.460747, -1.32727, 1.367209],
  [0.655466, -1.268429, 1.344264],
  [0.671674, -1.338838, 1.271451],
  [0.702674, -1.180114, 1.322047],
  [0.71681, -1.321599, 1.47348],
  [0.822981, -1.316262, 1.465527],
  [0.682961, -1.261306, 1.554614],
  [0.677122, -1.466455, 1.500462],
  [0.570198, -1.472694, 1.53395],
  [0.684572, -1.527725, 1.406741],
  [0.744397, -1.550043, 1.616786],
  [0.797392, -1.49218, 1.600049],
  [0.767228, -1.518975, 1.604197],
  [0.724992, -1.599677, 1.647834],
  [0.855118, -1.545623, 1.56217],
  [0.78353, -1.447736, 1.673912],
  [0.375907, -1.29099, 1.13468],
  [0.43154, -1.322494, 1.029718],
  [0.253888, -1.334684, 1.166688],
  [0.207253, -1.296088, 1.247537],
  [0.182877, -1.435957, 1.091206],
  [0.248294, -1.522378, 1.079675],
  [0.062308, -1.477738, 1.174895],
  [0.089956, -1.475754, 1.277772],
  [-0.017104, -1.40904, 1.156841],
  [0.014056, -1.618263, 1.14009],
  [0.028505, -1.640385, 1.02982],
  [0.073636, -1.697002, 1.195839],
  [-0.133165, -1.623409, 1.178357],
  [-0.214404, -1.579626, 1.094047],
  [-0.167275, -1.678881, 1.285054],
  [0.143458, -1.386816, 0.952655],
  [0.164798, -1.461237, 0.857206],
  [0.075683, -1.2723, 0.941934],
  [0.051921, -1.224661, 1.027765],
  [0.030892, -1.206132, 0.821055],
  [-0.038215, -1.273436, 0.770305],
  [-0.046173, -1.079456, 0.857123],
  [-0.123999, -1.104062, 0.92826],
  [0.021091, -1.008998, 0.904388],
  [-0.108896, -1.014492, 0.734605],
  [-0.0586, -0.915455, 0.682007],
  [-0.223507, -1.062809, 0.686109],
  [-0.267873, -1.141841, 0.730681],
  [-0.265852, -1.020331, 0.604846],
  [0.146667, -1.178858, 0.726094],
  [0.120163, -1.177885, 0.606091],
  [0.263908, -1.137388, 0.774646],
  [0.274884, -1.124458, 0.874212],
  [0.378382, -1.10944, 0.690322],
  [0.344375, -1.051962, 0.604179],
  [0.487071, -1.029492, 0.761609],
  [0.475271, -1.041161, 0.868188],
  [0.583726, -1.06662, 0.731382],
  [0.477218, -0.881376, 0.726236],
  [0.37126, -0.856134, 0.722144],
  [0.537612, -0.758835, 0.821283],
  [0.545047, -0.835917, 0.871253],
  [0.538395, -0.80122, 0.840774],
  [0.544693, -0.696174, 0.812373],
  [0.475924, -0.811122, 0.929546],
  [0.638329, -0.83903, 0.862334],
  [0.525684, -0.793735, 0.593315],
  [0.558405, -0.879005, 0.580975],
  [0.539077, -0.838429, 0.593511],
  [0.517348, -0.733126, 0.575623],
  [0.647024, -0.853074, 0.59725],
  [0.497109, -0.89837, 0.512721],
  [0.449025, -1.234406, 0.639744],
  [0.491587, -1.234216, 0.52445],
  [0.456179, -1.338549, 0.722964],
  [0.43401, -1.329492, 0.821084],
  [0.496859, -1.467138, 0.669994],
  [0.596583, -1.45478, 0.627763],
  [0.507941, -1.56801, 0.783962],
  [0.565867, -1.526022, 0.854493],
  [0.415036, -1.582142, 0.819488],
  [0.565814, -1.705906, 0.755668],
  [0.565136, -1.745287, 0.639251],
  [0.594231, -1.782183, 0.861482],
  [0.577126, -1.747504, 0.954787],
  [0.632836, -1.874568, 0.848232],
  [0.407094, -1.520691, 0.55936],
  [0.45864, -1.555147, 0.453245],
  [0.274597, -1.514473, 0.574467],
  [0.2405, -1.488679, 0.665971],
  [0.170678, -1.539856, 0.47673],
  [0.182502, -1.6429, 0.443217],
  [0.029871, -1.527032, 0.534137],
  [0.02363, -1.439343, 0.602462],
  [-0.044321, -1.51316, 0.452284],
  [0.001429, -1.656089, 0.61044],
  [-0.025611, -1.736897, 0.539855],
  [0.091071, -1.68724, 0.667337],
  [-0.11447, -1.628737, 0.705867],
  [-0.08098, -1.56213, 0.783485],
  [-0.195063, -1.583204, 0.650967],
  [-0.164563, -1.758048, 0.769555],
  [-0.192557, -1.83237, 0.690763],
  [-0.083869, -1.805493, 0.830817],
  [-0.304391, -1.708919, 0.825041],
  [-0.266789, -1.73957, 0.888941],
  [-0.280858, -1.725566, 0.853572],
  [-0.352134, -1.681747, 0.796999],
  [-0.317693, -1.810298, 0.894373],
  [-0.252708, -1.662318, 0.927114],
  [0.176815, -1.451395, 0.353029],
  [0.145889, -1.500773, 0.244817],
  [0.223904, -1.327402, 0.368232],
  [0.234329, -1.291406, 0.462022],
  [0.262196, -1.237885, 0.260918],
  [0.18196, -1.238782, 0.187145],
  [0.274847, -1.095165, 0.313432],
  [0.196715, -1.077328, 0.38486],
  [0.370678, -1.083769, 0.360457],
  [0.262773, -0.993286, 0.200464],
  [0.333225, -1.014956, 0.120166],
  [0.115034, -0.954605, 0.134322],
  [0.108617, -1.042436, 0.1615],
  [0.118735, -0.998281, 0.150315],
  [0.091544, -0.901554, 0.10806],
  [0.109539, -1.075234, 0.07367],
  [0.052088, -1.021626, 0.233348],
  [0.252157, -0.853486, 0.290136],
  [0.324725, -0.842589, 0.234376],
  [0.287266, -0.854686, 0.259428],
  [0.212203, -0.833787, 0.335651],
  [0.38652, -0.851277, 0.304353],
  [0.280597, -0.779851, 0.180457],
  [0.389894, -1.281295, 0.190394],
  [0.392131, -1.319602, 0.073637],
  [0.508645, -1.261283, 0.248014],
  [0.511312, -1.223646, 0.341702],
  [0.636425, -1.289711, 0.185884],
  [0.639809, -1.22679, 0.096942],
  [0.752338, -1.2424, 0.273135],
  [0.742479, -1.287832, 0.36519],
  [0.839864, -1.270887, 0.226628],
  [0.759749, -1.091823, 0.29676],
  [0.701398, -1.071611, 0.375728],
  [0.853332, -1.071331, 0.326281],
  [0.717524, -0.972157, 0.167692],
  [0.84861, -1.053168, 0.050044],
  [0.863768, -0.962736, 0.040761],
  [0.8508, -1.006561, 0.050155],
  [0.860692, -1.114295, 0.036878],
  [0.827639, -0.960163, -0.045718],
  [0.944441, -0.965971, 0.088425],
  [0.661349, -1.431297, 0.135912],
  [0.753135, -1.446457, 0.0556],
  [0.595048, -1.535967, 0.185619],
  [0.535947, -1.524518, 0.266717],
  [0.604901, -1.667867, 0.126445],
  [0.710158, -1.686757, 0.105349],
  [0.555747, -1.778791, 0.218999],
  [0.555089, -1.872682, 0.163635],
  [0.686442, -1.8061, 0.318351],
  [0.616336, -1.783932, 0.37392],
  [0.647011, -1.794273, 0.340316],
  [0.746929, -1.822679, 0.307292],
  [0.652151, -1.699711, 0.394284],
  [0.607235, -1.871504, 0.406151],
  [0.426399, -1.755654, 0.270135],
  [0.434291, -1.704289, 0.350852],
  [0.528791, -1.679735, -0.004823],
  [0.588922, -1.741775, -0.092231],
  [0.411783, -1.617001, -0.018818],
  [0.373365, -1.565088, 0.058837],
  [0.335679, -1.619667, -0.142094],
  [0.352691, -1.717919, -0.18612],
  [0.186343, -1.612064, -0.111641],
  [0.162117, -1.684588, -0.035634],
  [0.163178, -1.514119, -0.072992],
  [0.100833, -1.638511, -0.234742],
  [-0.003111, -1.57647, -0.255977],
  [0.128572, -1.746098, -0.308755],
  [0.204519, -1.807268, -0.282462],
  [0.073612, -1.766323, -0.391042],
  [0.384868, -1.518313, -0.244432],
  [0.401245, -1.551096, -0.361742],
  [0.430146, -1.403961, -0.192513],
  [0.417053, -1.378155, -0.095747],
  [0.500519, -1.317457, -0.285037],
  [0.434876, -1.296188, -0.369415],
  [0.53318, -1.186093, -0.214586],
  [0.574079, -1.207785, -0.117699],
  [0.604995, -1.132015, -0.273311],
  [0.408374, -1.099973, -0.197449],
  [0.328885, -1.155719, -0.147902],
  [0.477433, -0.957993, -0.144816],
  [0.433436, -0.993489, -0.072026],
  [0.45328, -0.981426, -0.112496],
  [0.513038, -0.913588, -0.173389],
  [0.365789, -0.928619, -0.074579],
  [0.513135, -1.017277, -0.028751],
  [0.403281, -1.034866, -0.350527],
  [0.31593, -1.053494, -0.3278],
  [0.361838, -1.046734, -0.332678],
  [0.448125, -1.013272, -0.390258],
  [0.310332, -1.125851, -0.38716],
  [0.293766, -0.962996, -0.317343],
  [0.630373, -1.376319, -0.338314],
  [0.654452, -1.36821, -0.458559],
  [0.718272, -1.435462, -0.257084],
  [0.695113, -1.454991, -0.160734],
  [0.849119, -1.472537, -0.307087],
  [0.885882, -1.390697, -0.368988],
  [0.95359, -1.500772, -0.199498],
  [0.911217, -1.566183, -0.117232],
  [1.043621, -1.554348, -0.242692],
  [0.991479, -1.362781, -0.146494],
  [1.035103, -1.30554, -0.226283],
  [0.902916, -1.313715, -0.110509],
  [1.09215, -1.373302, -0.032294],
  [1.042217, -1.411246, 0.053315],
  [1.167896, -1.442142, -0.060322],
  [1.155536, -1.246338, 0.003291],
  [1.108507, -1.191146, 0.073598],
  [1.269095, -1.198041, -0.048939],
  [1.341902, -1.273921, -0.131989],
  [1.311154, -1.36731, -0.155101],
  [1.427529, -1.237726, -0.171475],
  [1.324481, -1.080126, -0.017568],
  [1.280149, -1.019999, 0.050405],
  [1.41056, -1.051376, -0.061895],
  [0.834127, -1.595359, -0.395716],
  [0.924789, -1.621743, -0.474385],
  [0.719512, -1.663355, -0.403614],
  [0.646666, -1.6454, -0.335997],
  [0.692682, -1.763208, -0.50513],
  [0.784844, -1.819709, -0.519089],
  [0.550881, -1.833876, -0.454173],
  [0.616971, -1.896681, -0.4407],
  [0.588904, -1.860606, -0.450077],
  [0.490478, -1.813811, -0.451972],
  [0.587427, -1.950707, -0.511406],
  [0.614573, -1.886972, -0.347476],
  [0.64912, -1.715003, -0.642764],
  [0.638769, -1.792093, -0.73792],
  [0.61853, -1.58556, -0.654218],
  [0.624334, -1.526697, -0.572348],
  [0.576845, -1.521934, -0.777548],
  [0.557309, -1.598466, -0.852662],
  [0.448198, -1.444711, -0.749741],
  [0.425322, -1.388603, -0.840348],
  [0.30833, -1.534323, -0.759949],
  [0.327383, -1.526905, -0.670083],
  [0.323821, -1.526682, -0.716605],
  [0.272925, -1.554497, -0.808891],
  [0.35295, -1.616804, -0.662655],
  [0.256625, -1.467381, -0.654566],
  [0.462075, -1.350079, -0.646141],
  [0.552854, -1.352121, -0.614976],
  [0.677184, -1.421755, -0.832878],
  [0.761275, -1.370088, -0.75964],
  [0.672336, -1.401746, -0.964782],
  [0.619338, -1.467556, -1.020111],
  [0.735407, -1.294633, -1.039247],
  [0.839062, -1.283325, -1.007487],
  [0.729432, -1.31809, -1.189915],
  [0.636325, -1.360542, -1.212497],
  [0.740545, -1.225472, -1.237659],
  [0.838008, -1.411633, -1.242339],
  [0.934659, -1.371956, -1.215656],
  [0.827283, -1.508036, -1.195232],
  [0.831282, -1.428997, -1.393395],
  [0.8692, -1.343634, -1.473268],
  [0.775411, -1.537877, -1.446743],
  [0.737167, -1.609566, -1.38675],
  [0.771386, -1.548561, -1.547095],
  [0.658117, -1.166682, -1.010608],
  [0.542366, -1.164122, -1.051835],
  [0.712146, -1.064421, -0.943929],
  [0.843465, -1.060429, -0.882809],
  [0.858846, -1.150959, -0.825772],
  [0.918504, -1.053532, -0.960315],
  [0.856068, -0.939962, -0.789988],
  [0.913677, -0.964678, -0.692197],
  [0.91291, -0.851381, -0.839133],
  [0.708782, -0.908718, -0.765128],
  [0.669142, -0.966684, -0.676468],
  [0.693417, -0.798723, -0.743747],
  [0.638341, -0.950158, -0.893999],
  [0.536425, -0.980952, -0.870637],
  [0.634176, -0.838144, -0.996959],
  [0.73363, -0.80805, -1.062594],
  [0.513796, -0.782486, -1.012233],
  [0.435525, -0.823352, -0.963195],
  [0.484561, -0.666656, -1.094237],
  [0.578373, -0.630775, -1.13658],
  [0.393607, -0.708265, -1.209489],
  [0.298145, -0.738481, -1.169848],
  [0.373874, -0.62246, -1.271499],
  [0.448641, -0.819092, -1.294981],
  [0.493788, -0.802341, -1.425799],
  [0.521436, -0.924572, -1.471813],
  [0.571605, -0.946762, -1.564844],
  [0.476729, -1.01546, -1.383625],
  [0.475983, -1.115298, -1.398879],
  [0.431923, -0.95268, -1.26907],
  [0.392649, -0.998412, -1.179459],
  [0.421722, -0.552528, -1.015554],
  [0.317356, -0.574748, -0.954573],
  [0.476089, -0.43064, -1.012328],
  [0.549912, -0.409367, -1.077892],
  [0.438276, -0.324036, -0.921764],
  [0.36874, -0.368907, -0.850825],
  [0.555556, -0.273491, -0.838233],
  [0.607358, -0.204099, -0.894949],
  [0.516954, -0.221066, -0.757753],
  [0.655357, -0.373436, -0.78483],
  [0.649543, -0.412094, -0.650398],
  [0.573164, -0.371391, -0.585794],
  [0.742677, -0.503482, -0.599659],
  [0.739168, -0.533737, -0.496043],
  [0.840441, -0.554947, -0.685645],
  [0.914916, -0.622429, -0.646103],
  [0.844294, -0.521319, -0.821492],
  [0.91643, -0.567075, -0.887574],
  [0.752703, -0.427153, -0.869906],
  [0.757156, -0.39586, -0.973178],
  [0.368025, -0.200176, -0.975512],
  [0.420778, -0.140076, -1.068838],
  [0.263326, -0.153808, -0.906879],
  [0.228348, -0.20383, -0.826409],
  [0.197646, -0.030812, -0.946305],
  [0.258663, 0.019357, -1.021412],
  [0.061934, -0.064666, -1.00732],
  [-0.003105, -0.104531, -0.929463],
  [0.033182, 0.074382, -1.094136],
  [-0.039032, 0.064074, -1.037809],
  [0.000044, 0.063101, -1.063288],
  [0.065795, 0.105055, -1.13943],
  [-0.096851, 0.040191, -1.107647],
  [-0.013084, 0.135446, -0.982823],
  [0.029184, -0.159595, -1.140036],
  [0.11436, -0.18209, -1.112963],
  [0.071322, -0.165982, -1.121045],
  [-0.021398, -0.165061, -1.178344],
  [0.15458, -0.139785, -1.186334],
  [0.087499, -0.265574, -1.079806],
  [0.175864, 0.063833, -0.829119],
  [0.100024, 0.029834, -0.738581],
  [0.24509, 0.177316, -0.841442],
  [0.305355, 0.196111, -0.920282],
  [0.229708, 0.274169, -0.734769],
  [0.193133, 0.224664, -0.64481],
  [0.362537, 0.343349, -0.705489],
  [0.403781, 0.377095, -0.797203],
  [0.344138, 0.425464, -0.640913],
  [0.463449, 0.250672, -0.638297],
  [0.474267, 0.165266, -0.69831],
  [0.554574, 0.302088, -0.6302],
  [0.421943, 0.205482, -0.498576],
  [0.364199, 0.284222, -0.450856],
  [0.358086, 0.117893, -0.506469],
  [0.538217, 0.173511, -0.415739],
  [0.584939, 0.252571, -0.373696],
  [0.588149, 0.051759, -0.390457],
  [0.544661, -0.063283, -0.443656],
  [0.467679, -0.06277, -0.509036],
  [0.588865, -0.150506, -0.418375],
  [0.696359, 0.049042, -0.311468],
  [0.734722, 0.135224, -0.275389],
  [0.739558, -0.039189, -0.288011],
  [0.12764, 0.376428, -0.782624],
  [0.152833, 0.438201, -0.885842],
  [0.023212, 0.396593, -0.701938],
  [0.015587, 0.337645, -0.620281],
  [-0.082533, 0.494456, -0.717347],
  [-0.081388, 0.526624, -0.821486],
  [-0.216702, 0.425899, -0.69316],
  [-0.21764, 0.381645, -0.593412],
  [-0.297254, 0.498901, -0.702686],
  [-0.237803, 0.295881, -0.817302],
  [-0.196966, 0.36912, -0.921308],
  [-0.057537, 0.618088, -0.632169],
  [-0.003856, 0.611996, -0.521779],
  [-0.086254, 0.730977, -0.697388],
  [-0.141975, 0.722116, -0.781159],
  [-0.048292, 0.866942, -0.664704],
  [-0.001272, 0.867926, -0.566373],
  [0.049549, 0.923894, -0.76703],
  [0.006379, 0.911538, -0.86635],
  [0.10519, 1.080697, -0.770884],
  [0.036091, 1.07963, -0.709906],
  [0.069675, 1.073011, -0.741614],
  [0.151508, 1.109756, -0.803536],
  [-0.021744, 1.126846, -0.766619],
  [0.093658, 1.089096, -0.63651],
  [0.18467, 0.853031, -0.764231],
  [0.169415, 0.755194, -0.794371],
  [0.247568, 0.902822, -0.829637],
  [0.288366, 0.820358, -0.638226],
  [0.224672, 0.877864, -0.604605],
  [0.25323, 0.849291, -0.627951],
  [0.340587, 0.784288, -0.632941],
  [0.284452, 0.949957, -0.600154],
  [0.183694, 0.810951, -0.553279],
  [-0.170605, 0.95748, -0.661947],
  [-0.255513, 0.946869, -0.750165],
  [-0.189952, 1.028519, -0.550585],
  [-0.129925, 1.007027, -0.472253],
  [-0.286083, 1.133858, -0.524916],
  [-0.370362, 1.11056, -0.589996],
  [-0.345983, 1.138483, -0.38464],
  [-0.390496, 1.041614, -0.361929],
  [-0.227543, 1.133919, -0.267813],
  [-0.259411, 1.220393, -0.268478],
  [-0.248169, 1.175386, -0.273476],
  [-0.189317, 1.087778, -0.24623],
  [-0.181636, 1.25439, -0.3083],
  [-0.303585, 1.210387, -0.186386],
  [-0.428376, 1.283082, -0.385344],
  [-0.492496, 1.217206, -0.378779],
  [-0.455198, 1.245034, -0.38218],
  [-0.409754, 1.331805, -0.388912],
  [-0.522431, 1.23018, -0.466679],
  [-0.511529, 1.237256, -0.289188],
  [-0.236134, 1.26906, -0.573808],
  [-0.129715, 1.302968, -0.522527],
  [-0.302179, 1.334486, -0.660067],
  [-0.422868, 1.307584, -0.730099],
  [-0.407006, 1.211901, -0.787339],
  [-0.507582, 1.290539, -0.657877],
  [-0.454257, 1.410987, -0.824682],
  [-0.495121, 1.373994, -0.925144],
  [-0.532922, 1.481837, -0.780831],
  [-0.318661, 1.479253, -0.840179],
  [-0.262315, 1.434922, -0.925439],
  [-0.331929, 1.588127, -0.85967],
  [-0.243248, 1.457352, -0.709336],
  [-0.135802, 1.447873, -0.725034],
  [-0.277065, 1.567317, -0.60969],
  [-0.196653, 1.658996, -0.594414],
  [-0.398509, 1.571882, -0.554438],
  [-0.46339, 1.499332, -0.581418],
  [-0.451747, 1.667624, -0.459595],
  [-0.370002, 1.694848, -0.392831],
  [-0.490401, 1.793877, -0.536099],
  [-0.504637, 1.871801, -0.466465],
  [-0.410592, 1.819644, -0.600054],
  [-0.616729, 1.780999, -0.620004],
  [-0.72718, 1.792065, -0.567253],
  [-0.592111, 1.75246, -0.748073],
  [-0.496901, 1.741703, -0.780016],
  [-0.668696, 1.741626, -0.813022],
  [-0.564766, 1.615368, -0.372067],
  [-0.639991, 1.523212, -0.402939],
  [-0.572919, 1.672867, -0.25186],
  [-0.508174, 1.744771, -0.222895],
  [-0.677995, 1.629795, -0.16186],
  [-0.683961, 1.521169, -0.168631],
  [-0.638492, 1.664224, -0.01854],
  [-0.653094, 1.767301, -0.004464],
  [-0.699749, 1.608902, 0.046447],
  [-0.493015, 1.631938, 0.01433],
  [-0.467465, 1.535601, -0.027858],
  [-0.428844, 1.706296, -0.03113],
  [-0.468016, 1.62916, 0.164438],
  [-0.511422, 1.534679, 0.233822],
  [-0.417296, 1.732356, 0.213459],
  [-0.81589, 1.684863, -0.195296],
  [-0.913486, 1.644278, -0.132588],
  [-0.834597, 1.780001, -0.287062],
  [-0.75658, 1.806389, -0.345526],
  [-0.959186, 1.850101, -0.310719],
  [-1.020375, 1.840516, -0.221025],
  [-0.928647, 1.998266, -0.330758],
  [-0.846715, 2.027143, -0.265767],
  [-0.897225, 2.0149, -0.433259],
  [-1.049923, 2.08512, -0.300535],
  [-1.130443, 2.052259, -0.213694],
  [-1.070072, 2.195589, -0.372736],
  [-1.005316, 2.220446, -0.446151],
  [-1.150072, 2.254307, -0.353944],
  [-1.038714, 1.793647, -0.427565],
  [-1.141687, 1.845446, -0.470203],
  [-0.991594, 1.683815, -0.487057],
  [-0.89925, 1.65149, -0.461982],
  [-1.062312, 1.605321, -0.586222],
  [-1.004509, 1.51421, -0.601661],
  [-1.200247, 1.562566, -0.536896],
  [-1.256469, 1.646219, -0.530858],
  [-1.236887, 1.49758, -0.604938],
  [-1.20845, 1.49373, -0.40095],
  [-1.138457, 1.408041, -0.3973],
  [-1.181592, 1.564867, -0.320494],
  [-1.351955, 1.445226, -0.382504],
  [-1.422008, 1.520919, -0.420318],
  [-1.367056, 1.351623, -0.437978],
  [-1.376497, 1.421741, -0.233732],
  [-1.325554, 1.332727, -0.204224],
  [-1.335458, 1.50358, -0.178889],
  [-1.516427, 1.4182, -0.159899],
  [-1.532862, 1.397438, -0.235633],
  [-1.518852, 1.408364, -0.199172],
  [-1.531975, 1.429936, -0.101379],
  [-1.573322, 1.472267, -0.2553],
  [-1.549139, 1.325851, -0.217073],
  [-1.064092, 1.679668, -0.719017],
  [-1.135672, 1.629428, -0.80537],
  [-0.995914, 1.793072, -0.736737],
  [-0.940439, 1.826175, -0.659099],
  [-0.991147, 1.876358, -0.855216],
  [-1.093569, 1.888893, -0.890336],
  [-0.941526, 2.013274, -0.809621],
  [-0.833379, 2.010358, -0.796331],
  [-1.017218, 2.139771, -0.886867],
  [-0.942394, 2.12033, -0.937041],
  [-0.978054, 2.124706, -0.907271],
  [-1.070181, 2.172949, -0.874617],
  [-0.89767, 2.198261, -0.910263],
  [-0.992439, 2.082614, -1.006781],
  [-1.003369, 2.044853, -0.686904],
  [-0.964058, 2.125547, -0.652857],
  [-0.911186, 1.814968, -0.969247],
  [-0.788911, 1.810477, -0.957695],
  [-0.97441, 1.782696, -1.082313],
  [-1.117967, 1.772559, -1.099192],
  [-1.164954, 1.701377, -1.022662],
  [-1.169697, 1.873954, -1.085974],
  [-1.131925, 1.719883, -1.241731],
  [-1.164119, 1.615119, -1.239489],
  [-1.206505, 1.779162, -1.295962],
  [-0.996716, 1.730752, -1.31164],
  [-0.977794, 1.642094, -1.381422],
  [-0.989374, 1.825521, -1.3753],
  [-0.898198, 1.733084, -1.195126],
  [-0.859819, 1.633087, -1.17491],
  [-0.785676, 1.826732, -1.236767],
  [-0.795163, 1.948511, -1.22318],
  [-0.677713, 1.774046, -1.294997],
  [-0.666117, 1.673835, -1.29992],
  [-0.574784, 1.858341, -1.352409],
  [-0.511174, 1.798567, -1.388918],
  [-0.618712, 1.909577, -1.418722],
  [-0.49369, 1.958604, -1.271564],
  [-0.392084, 2.00318, -1.32442],
  [-0.511417, 1.975175, -1.140288],
  [-0.592139, 1.934377, -1.095341],
  [-0.419147, 2.050052, -1.057366],
  [-0.341045, 2.095616, -1.118234],
  [-0.494214, 2.15638, -0.977704],
  [-0.431833, 2.186027, -0.893379],
  [-0.557104, 2.299177, -1.035596],
  [-0.491806, 2.273899, -1.095523],
  [-0.523071, 2.28058, -1.061538],
  [-0.60275, 2.338375, -1.014718],
  [-0.433054, 2.34168, -1.068234],
  [-0.554051, 2.250527, -1.161629],
  [-0.648991, 2.097112, -0.962574],
  [-0.61339, 2.097499, -0.877565],
  [-0.624922, 2.100009, -0.922707],
  [-0.695777, 2.086138, -1.004366],
  [-0.605789, 2.004097, -0.874586],
  [-0.666694, 2.169472, -0.849831],
  [-0.35965, 1.94836, -0.961014],
  [-0.406854, 1.83957, -0.928754],
  [-0.238212, 1.986497, -0.920755],
  [-0.207424, 2.080004, -0.94333],
  [-0.144737, 1.904585, -0.846264],
  [-0.197575, 1.819672, -0.802917],
  [-0.04202, 1.854179, -0.947235],
  [-0.090584, 1.836453, -1.044351],
  [0.037542, 1.929049, -0.960235],
  [0.017396, 1.723941, -0.894371],
  [0.031465, 1.73228, -0.787926],
  [-0.055367, 1.645233, -0.904784],
  [0.172856, 1.671354, -0.970713],
  [0.292261, 1.739862, -0.834198],
  [0.313953, 1.789131, -0.909005],
  [0.298044, 1.760876, -0.875453],
  [0.299028, 1.723945, -0.772905],
  [0.396059, 1.745358, -0.920546],
  [0.274544, 1.867313, -0.87546],
  [-0.080842, 1.986493, -0.735028],
  [-0.044208, 2.100312, -0.763448],
  [-0.057934, 1.920759, -0.621114],
  [-0.094072, 1.826993, -0.610965],
  [0.016156, 1.974528, -0.508794],
  [0.028274, 2.082194, -0.520716],
  [-0.056534, 1.944893, -0.377931],
  [-0.158183, 1.982645, -0.383866],
  [-0.061821, 1.837428, -0.363227],
  [0.014111, 2.008653, -0.25915],
  [0.120871, 1.956966, -0.219706],
  [-0.040186, 2.105267, -0.201335],
  [0.152746, 1.907878, -0.500705],
  [0.16751, 1.789349, -0.471767],
  [0.254701, 1.989645, -0.527939],
  [0.239504, 2.08884, -0.539363],
  [0.38929, 1.937748, -0.541672],
  [0.389796, 1.86997, -0.627035],
  [0.528531, 2.024261, -0.570394],
  [0.459414, 2.085096, -0.574367],
  [0.489181, 2.049326, -0.570975],
  [0.590055, 2.008108, -0.573533],
  [0.465997, 2.094516, -0.667418],
  [0.482946, 2.125167, -0.492936],
  [0.439832, 1.859922, -0.421035],
  [0.499464, 1.752513, -0.424477],
  [0.419114, 1.917973, -0.302615],
  [0.36629, 2.003921, -0.297755],
  [0.469453, 1.862996, -0.178359],
  [0.575206, 1.839249, -0.18991],
  [0.453299, 1.968194, -0.069001],
  [0.395942, 2.054719, -0.107645],
  [0.38985, 1.928649, 0.012731],
  [0.58603, 2.014455, -0.013834],
  [0.626863, 2.147974, -0.024113],
  [0.561915, 2.223281, -0.066238],
  [0.75496, 2.180306, 0.022207],
  [0.786522, 2.283581, 0.020743],
  [0.843474, 2.083112, 0.070361],
  [0.941516, 2.111085, 0.105988],
  [0.802964, 1.949107, 0.071633],
  [0.87162, 1.872241, 0.103911],
  [0.673452, 1.914746, 0.031062],
  [0.641118, 1.811753, 0.034385],
  [0.393728, 1.736732, -0.139782],
  [0.465191, 1.651668, -0.087231],
  [0.266072, 1.721152, -0.17561],
  [0.220531, 1.797163, -0.224082],
  [0.184986, 1.60356, -0.151248],
  [0.200807, 1.57517, -0.047206],
  [0.035591, 1.629905, -0.167807],
  [0.015727, 1.71301, -0.116724],
  [0.019523, 1.641075, -0.265416],
  [-0.063603, 1.524545, -0.119367],
  [-0.029211, 1.426367, -0.151915],
  [-0.032256, 1.521116, 0.044044],
  [-0.123883, 1.526579, 0.035745],
  [-0.077407, 1.52388, 0.032605],
  [0.021451, 1.517631, 0.078092],
  [-0.126556, 1.615592, 0.065078],
  [-0.136991, 1.43794, 0.063352],
  [-0.190071, 1.546994, -0.225196],
  [-0.225304, 1.557642, -0.140702],
  [-0.201093, 1.551047, -0.180039],
  [-0.194597, 1.545495, -0.288704],
  [-0.27177, 1.476276, -0.144051],
  [-0.23526, 1.650326, -0.150761],
  [0.241713, 1.491237, -0.236868],
  [0.275789, 1.384126, -0.187161],
  [0.243559, 1.508568, -0.369227],
  [0.19851, 1.591089, -0.406131],
  [0.303703, 1.421309, -0.468047],
  [0.247152, 1.328434, -0.460486],
  [0.265726, 1.478183, -0.604467],
  [0.296556, 1.58271, -0.606616],
  [0.374949, 1.414673, -0.712793],
  [0.291382, 1.395166, -0.74641],
  [0.330078, 1.408272, -0.723875],
  [0.438586, 1.413351, -0.714867],
  [0.298708, 1.316071, -0.726179],
  [0.298973, 1.45755, -0.815989],
  [0.111276, 1.498027, -0.663196],
  [0.102916, 1.449498, -0.585293],
  [0.114356, 1.473965, -0.623339],
  [0.087584, 1.527061, -0.71469],
  [0.081477, 1.3703, -0.630667],
  [0.06573, 1.521515, -0.53816],
  [0.447162, 1.381246, -0.436747],
  [0.476331, 1.274302, -0.444977],
  [0.535595, 1.475398, -0.403019],
  [0.504871, 1.571323, -0.410448],
  [0.67187, 1.459498, -0.35641],
  [0.733699, 1.424366, -0.439017],
  [0.721103, 1.59715, -0.31265],
  [0.724049, 1.661403, -0.398095],
  [0.653439, 1.63629, -0.239658],
  [0.860746, 1.590362, -0.251492],
  [0.859943, 1.539501, -0.155089],
  [0.951951, 1.552695, -0.385508],
  [0.980502, 1.496212, -0.318513],
  [0.961399, 1.52747, -0.34741],
  [0.953569, 1.575445, -0.444971],
  [1.06225, 1.540981, -0.308327],
  [0.940377, 1.420998, -0.357545],
  [0.901932, 1.748598, -0.28252],
  [0.902443, 1.739611, -0.190798],
  [0.900291, 1.737068, -0.237338],
  [0.909149, 1.782067, -0.33622],
  [0.824064, 1.789941, -0.180112],
  [0.995946, 1.744135, -0.185558],
  [0.673101, 1.354994, -0.245765],
  [0.737316, 1.263442, -0.260736],
  [0.59778, 1.385574, -0.139869],
  [0.548539, 1.473692, -0.136458],
  [0.583918, 1.307263, -0.027537],
  [0.68206, 1.305016, 0.019837],
  [0.49187, 1.362554, 0.073776],
  [0.514354, 1.463387, 0.074549],
  [0.394929, 1.353457, 0.039235],
  [0.494662, 1.325896, 0.216034],
  [0.607961, 1.301162, 0.293362],
  [0.557528, 1.288547, 0.416324],
  [0.61805, 1.275034, 0.504746],
  [0.423372, 1.29448, 0.418145],
  [0.364216, 1.276045, 0.497906],
  [0.380494, 1.318136, 0.291826],
  [0.280406, 1.343402, 0.260144],
  [0.551084, 1.161961, -0.058749],
  [0.613213, 1.080709, 0.009389],
  [0.469995, 1.134111, -0.161078],
  [0.431624, 1.2101, -0.215433],
  [0.432623, 0.999677, -0.20015],
  [0.409343, 0.943, -0.110001],
  [0.308909, 1.000693, -0.289486],
  [0.324419, 1.070969, -0.366019],
  [0.296717, 0.904348, -0.329552],
  [0.180557, 1.038132, -0.215928],
  [0.139602, 0.949985, -0.157344],
  [0.199298, 1.120194, -0.139811],
  [0.082275, 1.083617, -0.32287],
  [0.003296, 1.001259, -0.368521],
  [0.073711, 1.215089, -0.344412],
  [0.130867, 1.278865, -0.290868],
  [0.010075, 1.250779, -0.414252],
  [0.552165, 0.934476, -0.268147],
  [0.596907, 0.826747, -0.229457],
  [0.618402, 1.001952, -0.362391],
  [0.591668, 1.096765, -0.384681],
  [0.72916, 0.943642, -0.435388],
  [0.695738, 0.852954, -0.485783],
  [0.767899, 1.048328, -0.53944],
  [0.781936, 1.131083, -0.490073],
  [0.849361, 1.015367, -0.581393],
  [0.673223, 1.083452, -0.653849],
  [0.589776, 1.140408, -0.612939],
  [0.762838, 1.208985, -0.716365],
  [0.750254, 1.149602, -0.785713],
  [0.752733, 1.174907, -0.74659],
  [0.785719, 1.262917, -0.69139],
  [0.839647, 1.121342, -0.784768],
  [0.689704, 1.205881, -0.829951],
  [0.655849, 0.946964, -0.747481],
  [0.572837, 0.963692, -0.711104],
  [0.617038, 0.961192, -0.72584],
  [0.696186, 0.913392, -0.78356],
  [0.577889, 0.890624, -0.65257],
  [0.536848, 0.992106, -0.792886],
  [0.846688, 0.91077, -0.344441],
  [0.915452, 0.818051, -0.386621],
  [0.864911, 0.977779, -0.230423],
  [0.812541, 1.063124, -0.217205],
  [0.953092, 0.941053, -0.121466],
  [1.047502, 0.907509, -0.164389],
  [0.982822, 1.057303, -0.027186],
  [0.891001, 1.097049, 0.006355],
  [1.039061, 1.020432, 0.054136],
  [1.062259, 1.169536, -0.093372],
  [1.163473, 1.135253, -0.113197],
  [1.014454, 1.197223, -0.186971],
  [1.067083, 1.290984, -0.001101],
  [0.96851, 1.32391, 0.015187],
  [1.108301, 1.260855, 0.090873],
  [1.145316, 1.391669, -0.051585],
  [1.193709, 1.384002, -0.139905],
  [1.150781, 1.50374, 0.02167],
  [1.096541, 1.514199, 0.143754],
  [1.048714, 1.435225, 0.1847],
  [1.103485, 1.601058, 0.194826],
  [1.216778, 1.609638, -0.027177],
  [1.261263, 1.604069, -0.117682],
  [1.222037, 1.695025, 0.026509],
  [0.894399, 0.825877, -0.041125],
  [0.962242, 0.723739, -0.032794],
  [0.777521, 0.842266, 0.021272],
  [0.719504, 0.922139, -0.000064],
  [0.729999, 0.747828, 0.120363],
  [0.809737, 0.737924, 0.194016],
  [0.606617, 0.795051, 0.196743],
  [0.53222, 0.81826, 0.126804],
  [0.576774, 0.717831, 0.260864],
  [0.636852, 0.942552, 0.297194],
  [0.60775, 1.030938, 0.201329],
  [0.705151, 0.608207, 0.065107],
  [0.715355, 0.504396, 0.130098],
  [0.669452, 0.609333, -0.063527],
  [0.668225, 0.69701, -0.113649],
  [0.631645, 0.490361, -0.137097],
  [0.583811, 0.421744, -0.067206],
  [0.531032, 0.522433, -0.247255],
  [0.483927, 0.435858, -0.270674],
  [0.464625, 0.588461, -0.208615],
  [0.582628, 0.581925, -0.377499],
  [0.702745, 0.603999, -0.391248],
  [0.506861, 0.606892, -0.484544],
  [0.408049, 0.58609, -0.482436],
  [0.548352, 0.646582, -0.567635],
  [0.760362, 0.425191, -0.185575],
  [0.745764, 0.320089, -0.247584],
  [0.881796, 0.477552, -0.167289],
  [0.887743, 0.567211, -0.121171],
  [1.008416, 0.419252, -0.206842],
  [1.082862, 0.461557, -0.147709],
  [1.002925, 0.316696, -0.19009],
  [1.04676, 0.440725, -0.35256],
  [1.15717, 0.395343, -0.381791],
  [0.968883, 0.510239, -0.43578],
  [0.884776, 0.552877, -0.399599],
  [0.996396, 0.529511, -0.576732],
  [1.011664, 0.430672, -0.620076],
  [0.879842, 0.593586, -0.651541],
  [0.833589, 0.662091, -0.580487],
  [0.865286, 0.692432, -0.78464],
  [0.954394, 0.669452, -0.779543],
  [0.908468, 0.676944, -0.776116],
  [0.81595, 0.722439, -0.811502],
  [0.980387, 0.755165, -0.75182],
  [0.949538, 0.612854, -0.854135],
  [0.775213, 0.464988, -0.636955],
  [0.76513, 0.496458, -0.72299],
  [0.775192, 0.485888, -0.678672],
  [0.761479, 0.425125, -0.589225],
  [0.680593, 0.532987, -0.705392],
  [0.808645, 0.422517, -0.760806],
  [1.123579, 0.60928, -0.601765],
  [1.204446, 0.564758, -0.682901],
  [1.15091, 0.71858, -0.530149],
  [1.086099, 0.745061, -0.457352],
  [1.266279, 0.804702, -0.546555],
  [1.270829, 0.831762, -0.652045],
  [1.23947, 0.933322, -0.468933],
  [1.170331, 0.912327, -0.38927],
  [1.332181, 0.969564, -0.428212],
  [1.179729, 1.040642, -0.559489],
  [1.112208, 0.991319, -0.629411],
  [1.132106, 1.166617, -0.461715],
  [1.055016, 1.121729, -0.484864],
  [1.097505, 1.139435, -0.477235],
  [1.163843, 1.213035, -0.431815],
  [1.026037, 1.19013, -0.542064],
  [1.043819, 1.085808, -0.398989],
  [1.307539, 1.136503, -0.606097],
  [1.267085, 1.108285, -0.683951],
  [1.282389, 1.118652, -0.641109],
  [1.351966, 1.168712, -0.573774],
  [1.337314, 1.050066, -0.705606],
  [1.231317, 1.192982, -0.702329],
  [1.391111, 0.722992, -0.516466],
  [1.478451, 0.712614, -0.602305],
  [1.400236, 0.64614, -0.407687],
  [1.327386, 0.648068, -0.337758],
  [1.513579, 0.558394, -0.386466],
  [1.605902, 0.615148, -0.398152],
  [1.510655, 0.494514, -0.24791],
  [1.40525, 0.471786, -0.216734],
  [1.568568, 0.398367, -0.247137],
  [1.574079, 0.596705, -0.153989],
  [1.537727, 0.695398, -0.179062],
  [1.544175, 0.574968, -0.052383],
  [1.726023, 0.595618, -0.162757],
  [1.788867, 0.683812, -0.225186],
  [1.794537, 0.501671, -0.116877],
  [1.515995, 0.438303, -0.47994],
  [1.626892, 0.393843, -0.508745],
  [1.403023, 0.402116, -0.541176],
  [1.319015, 0.454336, -0.52076],
  [1.388684, 0.293318, -0.635797],
  [1.446783, 0.210211, -0.601781],
  [1.28562, 0.26511, -0.640482],
  [1.435344, 0.331846, -0.775452],
  [1.445564, 0.242898, -0.859645],
  [1.474178, 0.457245, -0.799732],
  [1.459667, 0.524221, -0.725539],
  [1.535196, 0.512597, -0.918933],
  [1.552964, 0.425737, -0.982343],
  [1.427472, 0.591209, -0.993113],
  [1.469346, 0.619121, -1.089801],
  [1.277589, 0.51967, -0.982418],
  [1.313839, 0.491157, -1.062211],
  [1.301744, 0.509339, -1.020978],
  [1.231353, 0.521607, -0.938665],
  [1.255669, 0.543789, -1.113559],
  [1.328278, 0.404062, -1.030642],
  [1.402506, 0.720698, -0.916326],
  [1.35805, 0.695857, -0.825506],
  [1.494499, 0.767089, -0.901264],
  [1.272355, 0.794209, -0.989504],
  [1.341138, 0.855488, -0.992245],
  [1.31113, 0.820082, -0.987462],
  [1.212659, 0.77546, -1.001367],
  [1.301828, 0.910479, -0.927274],
  [1.35354, 0.845396, -1.084628],
  [1.67162, 0.579271, -0.908516],
  [1.731396, 0.601987, -1.013469],
  [1.723988, 0.585085, -0.785853],
  [1.667432, 0.562777, -0.7052],
  [1.86217, 0.623172, -0.764612],
  [1.893961, 0.687174, -0.846916],
  [1.875878, 0.700778, -0.633936],
  [1.80829, 0.659636, -0.562882],
  [1.975974, 0.691318, -0.599288],
  [1.844169, 0.849077, -0.650927],
  [1.901081, 0.884972, -0.730408],
  [1.74238, 0.857832, -0.671111],
  [1.875152, 0.935001, -0.528682],
  [1.978025, 0.916298, -0.495248],
  [1.868287, 1.041283, -0.555284],
  [1.781636, 0.90498, -0.42025],
  [1.805984, 0.824835, -0.363814],
  [1.669269, 0.97021, -0.387468],
  [1.613057, 1.065325, -0.463294],
  [1.655595, 1.091666, -0.55103],
  [1.528152, 1.110675, -0.432709],
  [1.601572, 0.935257, -0.277235],
  [1.635266, 0.859886, -0.219053],
  [1.516854, 0.984282, -0.25233],
  [1.945147, 0.4956, -0.766904],
  [2.058687, 0.500971, -0.813639],
  [1.894318, 0.37455, -0.742699],
  [1.798683, 0.371239, -0.710387],
  [1.957344, 0.244775, -0.756217],
  [2.052429, 0.253543, -0.703653],
  [1.887549, 0.124713, -0.69297],
  [1.935535, 0.035303, -0.732772],
  [1.87958, 0.089978, -0.530403],
  [1.941727, 0.157483, -0.539059],
  [1.909596, 0.123775, -0.541974],
  [1.845568, 0.048294, -0.496321],
  [2.013933, 0.100602, -0.520581],
  [1.885056, 0.221761, -0.501012],
  [1.739088, 0.114531, -0.726777],
  [1.688063, 0.182017, -0.666364],
  [1.727688, 0.138534, -0.827284],
  [1.638072, -0.017722, -0.728295],
  [1.711728, -0.042437, -0.678715],
  [1.677838, -0.023461, -0.70457],
  [1.581118, -0.028811, -0.75455],
  [1.744106, -0.099701, -0.745522],
  [1.664478, -0.040577, -0.597754],
  [1.994282, 0.224415, -0.902457],
  [2.105745, 0.18035, -0.929644],
  [1.912832, 0.274826, -0.995447],
  [1.829344, 0.320705, -0.961892],
  [1.925857, 0.27392, -1.139758],
  [1.943044, 0.170418, -1.169304],
  [1.797507, 0.318967, -1.208924],
  [1.777895, 0.420662, -1.182164],
  [1.810103, 0.308964, -1.314677],
  [1.657153, 0.217077, -1.157152],
  [1.698889, 0.104756, -1.216238],
  [2.047221, 0.353605, -1.185432],
  [2.056257, 0.366702, -1.307297],
  [2.119769, 0.425572, -1.099526],
  [2.089162, 0.433653, -1.003615],
  [2.242061, 0.494082, -1.136233],
  [2.225167, 0.539602, -1.233822],
  [2.268017, 0.607695, -1.037716],
  [2.266247, 0.56734, -0.944323],
  [2.359423, 0.646417, -1.060064],
  [2.168749, 0.72359, -1.038448],
  [2.171524, 0.767565, -1.132988],
  [2.074055, 0.684805, -1.018248],
  [2.197894, 0.832233, -0.935325],
  [2.289905, 0.883636, -0.962031],
  [2.117629, 0.905565, -0.936443],
  [2.210763, 0.776305, -0.800751],
  [2.202047, 0.676072, -0.7919],
  [2.233054, 0.848756, -0.690252],
  [2.245355, 0.982178, -0.688501],
  [2.237854, 1.034716, -0.774434],
  [2.262127, 1.030205, -0.601249],
  [2.245124, 0.79936, -0.566274],
  [2.237422, 0.699885, -0.550575],
  [2.261924, 0.861604, -0.488528],
  [2.365376, 0.405773, -1.148888],
  [2.462192, 0.439797, -1.216516],
  [2.37409, 0.299336, -1.068779],
  [2.290887, 0.269261, -1.020057],
  [2.493835, 0.221396, -1.044638],
  [2.575353, 0.293321, -1.036727],
  [2.493489, 0.143697, -0.913301],
  [2.431638, 0.057521, -0.924748],
  [2.593543, 0.114354, -0.890698],
  [2.439771, 0.227378, -0.797549],
  [2.350653, 0.277912, -0.829539],
  [2.414007, 0.162054, -0.716382],
  [2.539971, 0.330636, -0.747926],
  [2.540913, 0.441792, -0.800346],
  [2.63824, 0.29868, -0.663401],
  [2.647672, 0.203645, -0.630536],
  [2.703155, 0.36954, -0.632321],
  [2.532974, 0.125861, -1.156469],
  [2.438675, 0.071367, -1.213413],
  [2.663273, 0.098772, -1.166985],
  [2.731583, 0.141095, -1.105801],
  [2.705717, 0.0058, -1.269703],
  [2.808028, -0.027699, -1.249249],
  [2.639819, -0.081754, -1.26983],
  [2.700313, 0.074323, -1.405497],
  [2.753048, 0.184636, -1.417933],
  [2.637358, 0.0066, -1.501792],
  [2.589699, -0.078916, -1.476958],
  [2.631016, 0.045264, -1.641294],
  [2.677264, 0.143343, -1.652371],
  [2.711668, -0.056047, -1.722028],
  [2.672961, -0.152622, -1.702977],
  [2.694026, -0.038719, -1.82487],
  [2.860843, -0.058741, -1.698766],
  [2.946835, 0.02191, -1.77427],
  [2.908273, 0.095952, -1.842788],
  [3.084593, 0.003164, -1.757793],
  [3.152147, 0.063561, -1.816554],
  [3.138889, -0.090202, -1.668717],
  [3.245608, -0.104603, -1.660494],
  [3.049144, -0.164133, -1.590742],
  [3.087609, -0.23089, -1.515058],
  [2.910692, -0.153531, -1.6086],
  [2.843309, -0.217558, -1.553611],
  [2.486138, 0.054396, -1.687032],
  [2.437255, -0.039047, -1.750148],
  [2.409025, 0.154275, -1.643434],
  [2.458129, 0.264584, -1.563328],
  [2.488935, 0.229532, -1.460485],
  [2.548381, 0.312603, -1.611315],
  [2.341559, 0.362728, -1.555218],
  [2.337733, 0.413577, -1.454108],
  [2.350603, 0.443717, -1.633847],
  [2.217696, 0.276692, -1.578515],
  [2.17532, 0.239487, -1.480841],
  [2.136917, 0.335413, -1.630926],
  [2.265885, 0.160601, -1.665045],
  [2.221602, 0.068784, -1.626448],
  [2.210614, 0.184853, -1.804766],
  [2.103884, 0.138578, -1.844416],
  [2.287812, 0.257884, -1.88557],
  [2.3739, 0.297978, -1.851186],
  [2.251164, 0.28183, -2.0237],
  [2.14259, 0.290021, -2.02876],
  [2.310776, 0.410439, -2.080206],
  [2.415143, 0.396671, -2.092121],
  [2.267886, 0.428331, -2.175413],
  [2.287938, 0.533193, -1.993171],
  [2.366274, 0.573216, -1.907344],
  [2.167152, 0.587918, -2.00859],
  [2.10121, 0.5473, -2.073419],
  [2.141711, 0.669939, -1.955426],
  [2.292593, 0.157827, -2.101622],
  [2.412263, 0.13196, -2.112328],
  [2.18919, 0.091462, -2.15383],
  [2.096971, 0.132022, -2.161009],
  [2.214334, -0.043317, -2.200721],
  [2.312959, -0.049288, -2.246748],
  [2.209522, -0.130034, -2.075246],
  [2.26879, -0.084806, -2.003835],
  [2.111098, -0.134846, -2.044465],
  [2.25941, -0.27321, -2.092537],
  [2.213052, -0.316481, -2.179876],
  [2.366611, -0.272011, -2.105039],
  [2.224302, -0.35761, -1.970344],
  [2.119182, -0.360457, -1.960974],
  [2.259406, -0.455846, -1.986571],
  [2.280501, -0.308792, -1.844399],
  [2.354257, -0.239996, -1.849695],
  [2.238843, -0.350896, -1.724199],
  [2.156939, -0.455432, -1.706322],
  [2.123102, -0.507298, -1.78611],
  [2.12904, -0.482358, -1.613062],
  [2.27102, -0.274699, -1.618771],
  [2.324292, -0.189934, -1.632108],
  [2.242, -0.302032, -1.525972],
  [2.10682, -0.079512, -2.30219],
  [1.988285, -0.0817, -2.269798],
  [2.148041, -0.11099, -2.425204],
  [2.247868, -0.102252, -2.437826],
  [2.084134, -0.155395, -2.547436],
  [1.980634, -0.181456, -2.525312],
  [2.085296, -0.039564, -2.64678],
  [2.181177, -0.014019, -2.659891],
  [2.043677, -0.07375, -2.731141],
  [2.010652, 0.088338, -2.609952],
  [2.057675, 0.132038, -2.52186],
  [1.982269, 0.184037, -2.74312],
  [2.071036, 0.196114, -2.721469],
  [2.02592, 0.185419, -2.726695],
  [1.930599, 0.195103, -2.778668],
  [2.056822, 0.282955, -2.689105],
  [2.101259, 0.147642, -2.795818],
  [1.848972, 0.050786, -2.622068],
  [1.858852, 0.095546, -2.542112],
  [1.861085, 0.07386, -2.583365],
  [1.814409, 0.020508, -2.666164],
  [1.845784, 0.018035, -2.491006],
  [1.816077, 0.172683, -2.573908],
  [2.151145, -0.274364, -2.614671],
  [2.260947, -0.317268, -2.579923],
  [2.083127, -0.352098, -2.69925],
  [1.982967, -0.339348, -2.701762],
  [2.132551, -0.453958, -2.789684],
  [2.188963, -0.526454, -2.731006],
  [2.0234, -0.529295, -2.865163],
  [1.956052, -0.458263, -2.908159],
  [2.068982, -0.587858, -2.942119],
  [1.944653, -0.622049, -2.773064],
  [1.933149, -0.567744, -2.679259],
  [1.78858, -0.603964, -2.827945],
  [1.803777, -0.694767, -2.823701],
  [1.802974, -0.648115, -2.823409],
  [1.752251, -0.553099, -2.840145],
  [1.807287, -0.703911, -2.916947],
  [1.74804, -0.705982, -2.749144],
  [2.053917, -0.731507, -2.711598],
  [1.993372, -0.780702, -2.760671],
  [2.020029, -0.74997, -2.737825],
  [2.1055, -0.725625, -2.674714],
  [1.953568, -0.817795, -2.684315],
  [2.054938, -0.797987, -2.829239],
  [2.229545, -0.384447, -2.884158],
  [2.210754, -0.269445, -2.923223],
  [2.327417, -0.461959, -2.93144],
  [2.336798, -0.557692, -2.900648],
  [2.422198, -0.410106, -3.028001],
  [2.476221, -0.325955, -2.984628],
  [2.52048, -0.52152, -3.062848],
  [2.46532, -0.611061, -3.08904],
  [2.574056, -0.495052, -3.153266],
  [2.619685, -0.55412, -2.953776],
  [2.699825, -0.452401, -2.900567],
  [2.688909, -0.35024, -2.933853],
  [2.794462, -0.486366, -2.803149],
  [2.863476, -0.411668, -2.766801],
  [2.799967, -0.617681, -2.752369],
  [2.892435, -0.640022, -2.654616],
  [2.893276, -0.730955, -2.623853],
  [2.72358, -0.719457, -2.812865],
  [2.736203, -0.822111, -2.781772],
  [2.631331, -0.687618, -2.913247],
  [2.570403, -0.764462, -2.958488],
  [2.358122, -0.367406, -3.159286],
  [2.38759, -0.262278, -3.215717],
  [2.268726, -0.448479, -3.216363],
  [2.248595, -0.534897, -3.168116],
  [2.188894, -0.436325, -3.33115],
  [2.257726, -0.4212, -3.414302],
  [2.104388, -0.561194, -3.354675],
  [2.021733, -0.536539, -3.421318],
  [2.221895, -0.674869, -3.385788],
  [2.158941, -0.684344, -3.452429],
  [2.18648, -0.674187, -3.416158],
  [2.276238, -0.690565, -3.356525],
  [2.127006, -0.765512, -3.418039],
  [2.214917, -0.647308, -3.517893],
  [2.059061, -0.591998, -3.237268],
  [1.970248, -0.626339, -3.249468],
  [2.094301, -0.317718, -3.318918],
  [2.080076, -0.243958, -3.416188],
  [2.03754, -0.28409, -3.213],
  [2.053249, -0.343678, -3.132978],
  [1.946678, -0.172655, -3.195045],
  [1.888015, -0.16102, -3.286173],
  [1.850951, -0.198483, -3.079044],
  [1.804026, -0.291182, -3.095149],
  [1.907324, -0.203825, -2.990454],
  [1.742831, -0.093003, -3.060375],
  [1.752101, -0.016303, -2.962109],
  [1.66206, -0.080246, -3.154918],
  [2.023837, -0.043735, -3.170732],
  [1.997394, 0.046882, -3.249434],
  [2.134042, -0.050621, -3.0957],
  [2.147552, -0.132692, -3.038405],
  [2.238152, 0.049882, -3.088181],
  [2.188917, 0.136931, -3.044829],
  [2.348364, 0.014857, -2.988617],
  [2.304231, -0.017922, -2.890582],
  [2.405439, -0.075685, -3.022933],
  [2.441489, 0.132015, -2.968537],
  [2.562418, 0.121934, -3.038355],
  [2.588757, 0.034098, -3.095407],
  [2.646975, 0.233153, -3.029383],
  [2.7447, 0.228284, -3.075101],
  [2.609013, 0.350478, -2.963097],
  [2.671006, 0.438624, -2.970245],
  [2.491173, 0.354228, -2.887601],
  [2.464278, 0.442456, -2.831418],
  [2.409035, 0.240859, -2.886684],
  [2.32153, 0.237404, -2.823479],
  [2.286065, 0.097292, -3.224643],
  [2.274267, 0.215269, -3.256997],
  [2.342303, 0.004488, -3.302404],
  [2.358932, -0.086498, -3.261833],
  [2.377011, 0.012945, -3.432083],
  [2.473825, 0.062969, -3.434473],
  [2.388473, -0.118319, -3.50906],
  [2.426676, -0.191933, -3.443657],
  [2.292193, -0.145416, -3.543001],
  [2.481067, -0.108886, -3.629989],
  [2.440655, -0.036412, -3.705095],
  [2.582849, -0.074017, -3.599151],
  [2.487927, -0.249415, -3.689077],
  [2.529163, -0.319723, -3.61461],
  [2.386427, -0.284769, -3.714312],
  [2.571848, -0.248534, -3.808911],
  [2.600137, -0.158145, -3.84399],
  [2.612975, -0.35813, -3.874129],
  [2.577205, -0.484848, -3.849245],
  [2.512569, -0.505302, -3.77438],
  [2.614879, -0.559903, -3.905353],
  [2.698635, -0.339844, -3.975539],
  [2.729212, -0.246649, -3.999635],
  [2.732623, -0.419257, -4.027878],
  [2.273529, 0.10508, -3.495072],
  [2.299973, 0.220166, -3.529135],
  [2.151254, 0.053002, -3.507679],
  [2.131751, -0.034687, -3.461512],
  [2.041758, 0.11124, -3.582614],
  [2.075366, 0.120875, -3.685855],
  [1.924823, 0.013195, -3.582725],
  [1.961439, -0.077521, -3.612061],
  [1.888163, 0.009731, -3.487464],
  [1.807947, 0.046721, -3.674937],
  [1.738652, -0.029027, -3.666172],
  [1.766559, 0.135096, -3.64187],
  [1.839535, 0.063259, -3.822902],
  [1.886019, 0.165423, -3.872961],
  [1.816598, -0.040618, -3.903559],
  [1.779449, -0.126621, -3.865819],
  [1.836394, -0.033203, -4.002322],
  [1.997458, 0.249569, -3.537144],
  [1.953327, 0.329509, -3.619404],
  [2.004464, 0.276268, -3.406528],
  [2.05176, 0.212531, -3.344064],
  [1.945243, 0.396053, -3.350491],
  [1.865806, 0.432048, -3.415875],
  [1.892228, 0.357465, -3.225677],
  [1.96467, 0.293704, -3.171112],
  [1.868428, 0.445662, -3.162864],
  [1.765179, 0.278657, -3.256246],
  [1.691359, 0.342988, -3.309312],
  [1.782366, 0.185034, -3.312463],
  [1.708813, 0.232336, -3.122215],
  [1.645355, 0.160729, -3.142655],
  [1.784765, 0.197505, -3.071317],
  [1.638742, 0.324532, -3.032808],
  [1.60791, 0.409908, -3.077094],
  [1.610141, 0.311894, -2.902508],
  [1.650955, 0.205038, -2.832708],
  [1.704221, 0.132307, -2.87825],
  [1.628454, 0.197227, -2.734557],
  [1.540974, 0.405612, -2.836259],
  [1.508994, 0.488355, -2.88455],
  [1.52082, 0.393508, -2.738032],
  [2.045799, 0.5075, -3.325327],
  [2.023599, 0.628912, -3.302249],
  [2.174804, 0.477037, -3.341203],
  [2.197857, 0.38275, -3.369123],
  [2.287473, 0.566189, -3.322386],
  [2.253072, 0.67174, -3.31233],
  [2.368276, 0.52972, -3.204918],
  [2.391997, 0.429029, -3.214197],
  [2.459109, 0.580051, -3.203004],
  [2.301194, 0.549612, -3.071107],
  [2.336398, 0.658292, -2.990178],
  [2.411238, 0.728353, -3.024155],
  [2.275371, 0.676884, -2.865558],
  [2.307232, 0.759542, -2.803781],
  [2.173863, 0.591592, -2.817868],
  [2.121866, 0.613646, -2.693711],
  [2.066022, 0.5418, -2.663126],
  [2.130045, 0.487995, -2.902725],
  [2.04657, 0.425318, -2.875022],
  [2.197441, 0.468355, -3.023854],
  [2.167291, 0.384681, -3.085121],
  [2.379841, 0.577189, -3.442853],
  [2.468195, 0.662467, -3.447935],
  [2.365815, 0.501956, -3.552241],
  [2.291969, 0.433099, -3.554821],
  [2.450017, 0.511715, -3.669761],
  [2.552804, 0.496112, -3.637015],
  [2.417124, 0.400657, -3.769115],
  [2.481314, 0.410544, -3.852414],
  [2.432604, 0.307725, -3.721356],
  [2.272931, 0.405615, -3.818818],
  [2.199899, 0.387435, -3.73432],
  [2.248653, 0.506529, -3.863883],
  [2.264682, 0.29499, -3.923609],
  [2.360328, 0.288232, -3.98107],
  [2.249867, 0.195619, -3.874606],
  [2.153036, 0.325141, -4.013218],
  [2.062616, 0.30084, -3.97534],
  [2.152197, 0.37916, -4.135845],
  [2.262905, 0.422642, -4.19756],
  [2.352515, 0.415456, -4.151523],
  [2.25674, 0.462603, -4.290113],
  [2.046928, 0.376682, -4.218719],
  [1.961055, 0.331964, -4.189958],
  [2.053456, 0.419532, -4.309946],
  [2.444603, 0.64812, -3.737064],
  [2.545224, 0.697449, -3.787528],
  [2.339515, 0.729454, -3.72426],
  [2.261466, 0.692662, -3.671766],
  [2.317693, 0.863935, -3.773603],
  [2.344306, 0.862039, -3.879288],
  [2.168834, 0.897058, -3.768046],
  [2.116027, 0.816379, -3.818872],
  [2.130989, 0.945427, -3.613367],
  [2.093642, 0.861822, -3.623816],
  [2.114902, 0.903324, -3.625432],
  [2.143679, 0.998026, -3.579778],
  [2.0062, 0.895478, -3.627261],
  [2.156249, 0.82095, -3.567242],
  [2.153085, 1.022246, -3.853874],
  [2.177672, 1.102112, -3.79544],
  [2.216719, 1.01273, -3.932979],
  [1.991023, 1.056083, -3.870861],
  [2.023825, 1.044808, -3.956247],
  [2.014091, 1.049155, -3.910823],
  [1.944381, 1.068141, -3.829208],
  [2.017834, 1.136195, -3.976329],
  [1.980635, 0.962378, -3.967667],
  [2.4093, 0.966801, -3.708858],
  [2.449615, 1.06198, -3.775344],
  [2.45234, 0.946077, -3.584196],
  [2.416579, 0.868243, -3.530679],
  [2.550242, 1.032606, -3.521554],
  [2.511824, 1.134319, -3.529275],
  [2.574348, 1.005792, -3.373275],
  [2.584323, 0.909283, -3.364893],
  [2.655745, 1.054077, -3.350321],
  [2.476886, 1.052428, -3.277371],
  [2.474932, 1.160901, -3.266847],
  [2.317313, 1.005271, -3.274127],
  [2.340023, 0.985879, -3.352059],
  [2.338352, 1.001079, -3.315561],
  [2.273226, 1.003674, -3.228197],
  [2.290391, 1.058135, -3.385323],
  [2.340184, 0.892533, -3.343282],
  [2.500433, 0.942501, -3.154654],
  [2.511913, 1.025775, -3.11687],
  [2.504833, 0.987264, -3.142243],
  [2.498698, 0.878888, -3.152148],
  [2.604668, 1.015011, -3.108419],
  [2.431122, 1.021278, -3.069505],
  [2.682222, 1.029654, -3.597301],
  [2.742551, 1.133391, -3.623827],
  [2.736023, 0.91415, -3.637137],
  [2.692566, 0.827774, -3.607956],
  [2.854004, 0.902592, -3.720464],
  [2.856449, 0.989668, -3.785984],
  [2.975992, 0.910543, -3.629127],
  [2.964836, 0.994609, -3.563818],
  [2.980242, 0.821852, -3.569355],
  [3.106907, 0.924664, -3.705462],
  [3.126718, 0.886273, -3.820519],
  [3.21826, 0.978824, -3.655565],
  [3.219298, 1.01392, -3.560864],
  [3.301465, 0.984702, -3.712516],
  [2.854823, 0.778775, -3.808973],
  [2.918892, 0.678659, -3.777718],
  [2.788696, 0.781442, -3.924916],
  [2.700949, 0.8888, -3.967001],
  [2.617574, 0.899605, -3.895551],
  [2.75675, 0.983912, -3.970669],
  [2.646875, 0.854626, -4.105547],
  [2.534068, 0.857709, -4.106939],
  [2.684215, 0.927883, -4.182852],
  [2.698229, 0.713802, -4.134152],
  [2.613407, 0.644997, -4.147234],
  [2.758596, 0.713964, -4.226106],
  [2.783745, 0.668872, -4.01602],
  [2.731316, 0.587549, -3.965832],
  [2.915633, 0.613976, -4.068528],
  [2.915753, 0.498747, -4.111269],
  [3.025918, 0.68816, -4.056009],
  [3.021392, 0.783297, -4.022401],
  [3.154516, 0.631411, -4.091198],
  [3.150001, 0.585612, -4.190006],
  [3.25804, 0.743509, -4.089317],
  [3.251843, 0.792191, -3.996424],
  [3.353015, 0.700535, -4.102373],
  [3.239098, 0.83972, -4.190636],
  [3.154956, 0.883474, -4.175749],
  [3.195462, 0.528399, -3.986904],
  [3.246527, 0.419391, -4.011683],
  [3.179355, 0.571578, -3.861611],
  [3.145081, 0.66575, -3.849039],
  [3.205446, 0.498699, -3.739119],
  [3.308368, 0.463098, -3.743643],
  [3.216637, 0.566285, -3.587447],
  [3.171974, 0.627794, -3.639561],
  [3.194816, 0.592538, -3.619253],
  [3.242073, 0.546339, -3.532573],
  [3.244973, 0.686576, -3.642103],
  [3.089796, 0.611823, -3.597343],
  [3.1158, 0.376844, -3.722398],
  [3.158142, 0.267001, -3.687097],
  [2.986831, 0.395879, -3.751156],
  [2.957037, 0.483105, -3.792449],
  [2.885695, 0.295356, -3.725411],
  [2.935461, 0.203165, -3.695326],
  [2.786186, 0.334397, -3.616504],
  [2.73412, 0.425364, -3.646424],
  [2.680571, 0.209089, -3.645502],
  [2.679385, 0.222896, -3.554387],
  [2.684839, 0.221412, -3.600703],
  [2.661997, 0.17908, -3.698514],
  [2.726527, 0.143862, -3.536444],
  [2.593499, 0.260474, -3.555846],
  [2.850407, 0.355957, -3.479765],
  [2.914529, 0.280109, -3.46576],
  [2.897308, 0.444536, -3.483598],
  [2.749283, 0.314304, -3.354318],
  [2.761054, 0.40552, -3.348398],
  [2.759528, 0.359731, -3.357235],
  [2.724736, 0.258938, -3.33462],
  [2.821075, 0.405029, -3.280591],
  [2.673847, 0.424007, -3.37745],
  [2.821605, 0.273353, -3.861695],
  [2.72208, 0.340539, -3.887872],
  [2.871321, 0.181618, -3.944976],
  [3.003339, 0.122632, -3.93558],
  [3.081211, 0.202164, -3.928139],
  [3.010907, 0.058075, -3.844916],
  [3.023598, 0.039693, -4.062061],
  [3.131118, 0.047166, -4.10146],
  [3.002535, -0.071679, -4.044125],
  [2.923073, 0.101902, -4.158557],
  [2.969511, 0.187078, -4.215192],
  [2.887227, 0.026064, -4.233273],
  [2.80775, 0.151065, -4.071551],
  [2.761804, 0.240087, -4.114507],
  [2.707396, 0.036971, -4.062793],
  [2.72171, -0.0583, -3.986482],
  [2.606947, 0.042821, -4.150532],
  [2.601294, 0.125597, -4.208128],
  [2.50296, -0.055087, -4.17496],
  [2.480595, -0.105866, -4.081139],
  [2.377848, 0.019374, -4.22067],
  [2.368551, 0.111241, -4.164355],
  [2.388023, 0.045224, -4.325194],
  [2.251888, -0.063933, -4.201725],
  [2.259455, -0.172513, -4.140258],
  [2.162705, -0.039259, -4.285764],
  [2.548742, -0.158986, -4.276319],
  [2.476191, -0.23507, -4.339976],
  [2.680597, -0.171541, -4.293027],
  [2.740408, -0.105349, -4.245673],
  [2.748871, -0.27129, -4.372932],
  [2.716971, -0.256916, -4.476164],
  [2.8996, -0.247801, -4.368933],
  [2.920234, -0.142471, -4.386387],
  [2.937511, -0.273114, -4.270208],
  [2.971565, -0.331482, -4.473735],
  [3.02303, -0.436094, -4.428647],
  [2.968024, -0.30774, -4.596408],
  [2.711676, -0.413671, -4.334083],
  [2.700219, -0.458293, -4.220144],
  [2.679691, -0.487689, -4.440482],
  [2.673221, -0.439404, -4.528956],
  [2.652379, -0.629804, -4.447807],
  [2.558236, -0.647696, -4.395866],
  [2.633281, -0.672432, -4.59308],
  [2.728382, -0.661525, -4.645212],
  [2.533662, -0.803882, -4.615323],
  [2.61975, -0.835007, -4.626006],
  [2.579295, -0.812716, -4.619402],
  [2.470449, -0.811465, -4.613768],
  [2.610112, -0.84553, -4.718673],
  [2.61871, -0.8815, -4.544593],
  [2.541427, -0.580385, -4.64759],
  [2.454964, -0.597469, -4.609535],
  [2.757781, -0.718454, -4.383024],
  [2.722169, -0.824598, -4.33233],
  [2.886885, -0.684489, -4.383922],
  [2.910488, -0.591836, -4.416472],
  [2.999302, -0.766243, -4.342995],
  [2.964233, -0.868937, -4.332741],
  [3.110406, -0.764654, -4.447592],
  [3.066025, -0.766232, -4.537355],
  [3.156424, -0.676031, -4.43996],
  [3.218331, -0.870236, -4.449981],
  [3.187928, -1.006723, -4.456827],
  [3.085347, -1.037749, -4.470197],
  [3.288476, -1.103603, -4.446605],
  [3.263589, -1.208516, -4.440443],
  [3.421987, -1.061525, -4.444546],
  [3.501678, -1.134246, -4.43955],
  [3.451787, -0.924805, -4.44899],
  [3.555216, -0.893761, -4.450681],
  [3.351522, -0.827125, -4.451307],
  [3.376108, -0.721995, -4.454027],
  [3.053543, -0.721445, -4.20803],
  [3.109619, -0.809741, -4.143502],
  [3.031104, -0.599927, -4.157507],
  [2.993169, -0.527314, -4.216576],
  [3.059161, -0.566725, -4.01928],
  [3.156229, -0.608595, -3.992715],
  [3.06712, -0.414801, -4.007341],
  [3.145316, -0.377198, -4.073266],
  [2.971556, -0.371018, -4.036073],
  [3.099341, -0.376573, -3.863164],
  [3.010504, -0.385029, -3.804672],
  [3.164855, -0.450012, -3.821937],
  [3.171331, -0.212653, -3.836537],
  [3.314049, -0.245563, -3.963565],
  [3.358112, -0.215452, -3.888426],
  [3.329678, -0.229814, -3.922519],
  [3.312385, -0.266832, -4.023571],
  [3.379139, -0.132803, -3.927384],
  [3.393002, -0.300154, -3.868451],
  [2.954043, -0.62602, -3.926547],
  [2.837879, -0.593926, -3.950641],
  [2.986834, -0.690694, -3.814456],
  [3.084375, -0.712453, -3.799853],
  [2.897058, -0.734117, -3.709332],
  [2.807355, -0.769258, -3.760318],
  [2.949846, -0.854616, -3.632001],
  [2.975413, -0.928154, -3.700999],
  [3.035246, -0.824717, -3.580666],
  [2.853958, -0.916384, -3.531228],
  [2.793798, -1.021071, -3.563575],
  [2.846418, -0.858535, -3.420675],
  [2.850476, -0.621662, -3.617959],
  [2.91827, -0.520044, -3.604461],
  [2.732768, -0.627355, -3.55523],
  [2.672958, -0.708382, -3.562866],
  [2.690409, -0.51464, -3.474624],
  [2.691967, -0.42527, -3.537007],
  [2.546423, -0.540479, -3.431183],
  [2.541151, -0.636196, -3.381822],
  [2.515635, -0.46267, -3.363184],
  [2.459928, -0.541236, -3.542535],
  [2.462428, -0.628506, -3.582456],
  [2.770631, -0.486444, -3.348393],
  [2.80888, -0.371592, -3.32717],
  [2.840918, -0.581244, -3.29764],
  [2.813802, -0.682404, -3.315844],
  [2.941071, -0.561179, -3.194864],
  [2.894923, -0.516769, -3.106663],
  [3.003477, -0.695537, -3.158254],
  [2.925591, -0.769906, -3.151159],
  [3.073952, -0.723825, -3.23494],
  [3.07624, -0.68648, -3.024424],
  [3.157116, -0.613692, -3.031771],
  [3.006262, -0.654927, -2.946962],
  [3.133778, -0.823186, -2.988545],
  [3.085564, -0.900825, -3.049277],
  [3.241017, -0.825528, -3.011678],
  [3.113187, -0.851599, -2.846515],
  [3.021436, -0.887251, -2.823893],
  [3.19821, -0.836967, -2.743981],
  [3.321761, -0.788754, -2.763125],
  [3.352032, -0.762816, -2.855926],
  [3.384615, -0.77835, -2.684753],
  [3.180178, -0.875071, -2.616785],
  [3.094292, -0.920623, -2.589405],
  [3.252472, -0.858237, -2.548293],
  [3.05256, -0.470817, -3.245555],
  [3.104334, -0.382762, -3.177214],
  [3.095385, -0.50816, -3.357175],
  [3.047552, -0.577164, -3.413312],
  [3.21482, -0.448487, -3.413483],
  [3.295388, -0.458843, -3.340802],
  [3.25225, -0.528965, -3.537617],
  [3.261572, -0.634687, -3.511394],
  [3.174518, -0.517484, -3.613628],
  [3.385249, -0.477786, -3.592193],
  [3.369224, -0.384881, -3.649179],
  [3.454519, -0.457122, -3.509065],
  [3.443867, -0.585265, -3.683292],
  [3.454931, -0.679876, -3.627708],
  [3.377116, -0.602184, -3.769439],
  [3.580278, -0.536934, -3.731693],
  [3.566777, -0.454846, -3.801734],
  [3.637306, -0.499119, -3.647168],
  [3.690319, -0.625124, -3.803511],
  [3.62702, -0.673824, -3.795886],
  [3.655605, -0.645074, -3.79704],
  [3.747986, -0.612067, -3.821067],
  [3.663306, -0.72364, -3.73404],
  [3.607316, -0.673869, -3.880944],
  [3.1941, -0.30012, -3.440364],
  [3.279228, -0.218977, -3.40468],
  [3.073289, -0.270034, -3.488552],
  [3.010834, -0.346399, -3.510202],
  [3.021045, -0.137229, -3.513641],
  [3.095342, -0.084319, -3.573317],
  [2.911734, -0.184394, -3.629936],
  [2.868743, -0.120958, -3.578733],
  [2.896225, -0.151969, -3.600183],
  [2.914392, -0.226205, -3.677902],
  [2.81254, -0.184098, -3.538171],
  [2.872459, -0.056147, -3.646382],
  [2.994774, -0.052788, -3.389767],
  [3.008714, 0.069311, -3.388305],
  [2.977515, -0.11278, -3.284736],
  [2.975135, -0.21356, -3.290954],
  [2.954644, -0.061035, -3.151336],
  [2.892737, 0.028137, -3.161177],
  [2.883925, -0.155125, -3.054213],
  [2.953473, -0.235922, -3.031503],
  [2.887731, -0.086968, -2.902431],
  [2.799118, -0.087957, -2.927745],
  [2.845278, -0.09056, -2.921455],
  [2.934854, -0.074062, -2.861581],
  [2.796179, 0.004904, -2.940352],
  [2.777159, -0.156336, -2.867472],
  [2.767626, -0.214325, -3.10761],
  [2.793542, -0.274514, -3.177764],
  [3.088713, -0.017213, -3.094151],
  [3.10548, 0.102151, -3.070163],
  [3.184784, -0.1099, -3.092723],
  [3.160451, -0.205837, -3.112845],
  [3.324066, -0.082286, -3.063845],
  [3.332042, -0.053102, -2.959128],
  [3.411349, -0.205514, -3.085839],
  [3.359673, -0.288532, -3.049088],
  [3.428536, -0.214882, -3.188453],
  [3.546811, -0.199677, -3.015819],
  [3.607788, -0.129812, -3.066728],
  [3.531817, -0.165731, -2.916755],
  [3.620367, -0.332812, -3.010443],
  [3.561907, -0.436082, -3.049722],
  [3.739563, -0.340591, -2.973607],
  [3.386631, 0.027448, -3.148751],
  [3.476188, 0.0946, -3.098009],
  [3.359453, 0.030393, -3.279423],
  [3.297055, -0.040232, -3.31575],
  [3.403831, 0.118711, -3.368489],
  [3.512482, 0.111862, -3.363105],
  [3.36576, 0.068275, -3.50739],
  [3.391461, -0.036252, -3.515301],
  [3.259514, 0.080821, -3.521644],
  [3.440212, 0.146337, -3.615325],
  [3.394153, 0.241621, -3.62608],
  [3.541577, 0.157662, -3.585112],
  [3.437398, 0.075466, -3.75044],
  [3.461361, -0.028377, -3.735968],
  [3.338935, 0.084668, -3.792714],
  [3.538664, 0.136807, -3.846718],
  [3.626074, 0.170143, -3.79102],
  [3.571711, 0.06112, -3.917662],
  [3.511031, 0.256719, -3.946225],
  [3.445939, 0.25372, -3.899421],
  [3.480838, 0.250589, -3.919847],
  [3.544828, 0.280226, -3.992151],
  [3.393288, 0.222723, -3.961792],
  [3.464637, 0.327054, -3.855881],
  [3.370029, 0.264649, -3.341569],
  [3.438775, 0.354441, -3.389693],
  [3.277697, 0.292695, -3.262677],
  [3.217256, 0.217579, -3.232588],
  [3.25636, 0.425772, -3.209469],
  [3.317581, 0.495362, -3.266827],
  [3.109782, 0.460916, -3.233263],
  [3.081756, 0.449888, -3.331538],
  [3.046026, 0.389941, -3.180098],
  [3.082925, 0.602124, -3.182021],
  [3.096316, 0.601775, -3.073847],
  [3.217814, 0.693079, -3.217095],
  [3.150374, 0.725699, -3.270777],
  [3.179464, 0.70448, -3.241103],
  [3.277667, 0.692518, -3.195343],
  [3.181379, 0.68299, -3.340111],
  [3.142318, 0.805066, -3.221514],
  [2.940135, 0.64137, -3.25797],
  [2.926464, 0.657137, -3.168201],
  [2.940148, 0.647096, -3.211664],
  [2.921346, 0.640242, -3.31881],
  [2.869984, 0.582952, -3.158339],
  [2.926983, 0.750265, -3.179045],
  [3.299849, 0.43356, -3.063821],
  [3.383153, 0.520046, -3.037645],
  [3.251378, 0.352563, -2.969414],
  [3.184254, 0.284091, -3.001146],
  [3.277767, 0.344578, -2.827162],
  [3.244461, 0.439818, -2.785918],
  [3.195913, 0.237935, -2.754951],
  [3.175602, 0.164268, -2.822775],
  [3.253031, 0.203029, -2.67776],
  [3.062636, 0.282973, -2.695827],
  [3.084295, 0.358652, -2.620432],
  [2.964761, 0.31007, -2.827676],
  [2.964942, 0.388613, -2.779458],
  [2.969327, 0.346304, -2.798635],
  [2.946877, 0.273841, -2.876904],
  [2.876771, 0.376838, -2.74983],
  [3.017589, 0.433534, -2.842711],
  [2.973516, 0.179063, -2.601182],
  [3.041303, 0.128467, -2.637776],
  [3.009937, 0.159677, -2.622973],
  [2.9218, 0.186687, -2.564806],
  [2.983291, 0.083032, -2.69575],
  [3.087026, 0.121121, -2.556251],
  [3.426854, 0.337215, -2.797431],
  [3.470953, 0.414707, -2.712844],
  [3.5009, 0.253576, -2.870533],
  [3.456906, 0.190829, -2.936324],
  [3.64522, 0.250072, -2.858063],
  [3.664904, 0.252823, -2.761133],
  [3.674668, 0.164867, -2.898852],
  [3.729366, 0.359582, -2.922037],
  [3.850652, 0.352818, -2.940705],
  [3.66928, 0.467, -2.973739],
  [3.568285, 0.467875, -2.974309],
  [3.732161, 0.584704, -3.030203],
  [3.839527, 0.567764, -3.022057],
  [3.703788, 0.600339, -3.179325],
  [3.603759, 0.62773, -3.190194],
  [3.766917, 0.674636, -3.21632],
  [3.725202, 0.483522, -3.255326],
  [3.696053, 0.407918, -3.203845],
  [3.705974, 0.718101, -2.961758],
  [3.779454, 0.811868, -2.991974],
  [3.603381, 0.728123, -2.876925],
  [3.542405, 0.648232, -2.866898],
  [3.569566, 0.843595, -2.796184],
  [3.557788, 0.931987, -2.858866],
  [3.441579, 0.816098, -2.717761],
  [3.460683, 0.737596, -2.653273],
  [3.417703, 0.902165, -2.665715],
  [3.320258, 0.778035, -2.802135],
  [3.34278, 0.687471, -2.858455],
  [3.172307, 0.73381, -2.740068],
  [3.221275, 0.765911, -2.668895],
  [3.202441, 0.75115, -2.708951],
  [3.119759, 0.708952, -2.766081],
  [3.232678, 0.680711, -2.63146],
  [3.170613, 0.844558, -2.662658],
  [3.245655, 0.869899, -2.919153],
  [3.316841, 0.920013, -2.888901],
  [3.283034, 0.889606, -2.899363],
  [3.194796, 0.860336, -2.956273],
  [3.261656, 0.980806, -2.84363],
  [3.366022, 0.907476, -2.967735],
  [3.680319, 0.864938, -2.693992],
  [3.740669, 0.772734, -2.639579],
  [3.705579, 0.993465, -2.668207],
  [3.669502, 1.061071, -2.734001],
  [3.778816, 1.050763, -2.557079],
  [3.866302, 0.988344, -2.538883],
  [3.827789, 1.188666, -2.600343],
  [3.885634, 1.180125, -2.693331],
  [3.741846, 1.253869, -2.621033],
  [3.914244, 1.250362, -2.49133],
  [3.864386, 1.328487, -2.420707],
  [4.03125, 1.212483, -2.468978],
  [3.690028, 1.043965, -2.433647],
  [3.611172, 1.131634, -2.398999],
  [3.735403, 0.952279, -2.347873],
  [3.817975, 0.902736, -2.378342],
  [3.689614, 0.908447, -2.217573],
  [3.714877, 0.989171, -2.148824],
  [3.538098, 0.892637, -2.208631],
  [3.521429, 0.840879, -2.127901],
  [3.50215, 0.982941, -2.203417],
  [3.460089, 0.822978, -2.319759],
  [3.480729, 0.873458, -2.414135],
  [3.483157, 0.660561, -2.291725],
  [3.504308, 0.674416, -2.380352],
  [3.492193, 0.674604, -2.335294],
  [3.476268, 0.623781, -2.240192],
  [3.427077, 0.631028, -2.41107],
  [3.596197, 0.662873, -2.365731],
  [3.307023, 0.873479, -2.278311],
  [3.298737, 0.785362, -2.304018],
  [3.310075, 0.829125, -2.292473],
  [3.283545, 0.928828, -2.257307],
  [3.255475, 0.807303, -2.384253],
  [3.283901, 0.755643, -2.216341],
  [3.75809, 0.784338, -2.162138],
  [3.820153, 0.710513, -2.238313],
  [3.741762, 0.75316, -2.03336],
  [3.687314, 0.813094, -1.972993],
  [3.800872, 0.633721, -1.976469],
  [3.891424, 0.616235, -2.034569],
  [3.849285, 0.661855, -1.834513],
  [3.927188, 0.740203, -1.835909],
  [3.765849, 0.699971, -1.772912],
  [3.904979, 0.534016, -1.773519],
  [3.831099, 0.45341, -1.712941],
  [4.029189, 0.522479, -1.765553],
  [3.715469, 0.509493, -1.997416],
  [3.592693, 0.507054, -1.992474],
  [3.784424, 0.400045, -2.030417],
  [3.885261, 0.403878, -2.026149],
  [3.726947, 0.273891, -2.072584],
  [3.67957, 0.285453, -2.170067],
  [3.835358, 0.166746, -2.079911],
  [3.796044, 0.087141, -2.12975],
  [3.91103, 0.203978, -2.136954],
  [3.896544, 0.114362, -1.952897],
  [3.839142, 0.014227, -1.874728],
  [3.922502, -0.011858, -1.773768],
  [3.908966, -0.089434, -1.699857],
  [4.025873, 0.073734, -1.778752],
  [4.103758, 0.075803, -1.714482],
  [4.008002, 0.158451, -1.886341],
  [4.069785, 0.242965, -1.912879],
  [3.624558, 0.226224, -1.970559],
  [3.544489, 0.141075, -2.008549],
  [3.620683, 0.273445, -1.84575],
  [3.688238, 0.342796, -1.81698],
  [3.523558, 0.230373, -1.747222],
  [3.515673, 0.121943, -1.755081],
  [3.569181, 0.262031, -1.605083],
  [3.483053, 0.249268, -1.539508],
  [3.717707, 0.195569, -1.570149],
  [3.65545, 0.142941, -1.527155],
  [3.681206, 0.173502, -1.551234],
  [3.777323, 0.211065, -1.586327],
  [3.679364, 0.174742, -1.442257],
  [3.667061, 0.071373, -1.586601],
  [3.605706, 0.398153, -1.600892],
  [3.700897, 0.404494, -1.611595],
  [3.38601, 0.28777, -1.778065],
  [3.29219, 0.247207, -1.709824],
  [3.367772, 0.370446, -1.881285],
  [3.446535, 0.400132, -1.937108],
  [3.236219, 0.419923, -1.916526],
  [3.179317, 0.431959, -1.82434],
  [3.241806, 0.555672, -1.986008],
  [3.314412, 0.552, -2.067179],
  [3.143581, 0.579844, -2.02652],
  [3.283185, 0.66278, -1.885497],
  [3.328824, 0.615343, -1.799449],
  [3.357126, 0.727703, -1.930835],
  [3.164389, 0.746201, -1.839745],
  [3.098534, 0.816038, -1.916494],
  [3.126137, 0.745449, -1.711844],
  [3.176154, 0.689194, -1.644505],
  [3.047179, 0.801136, -1.68242],
  [3.164111, 0.317254, -2.002692],
  [3.053232, 0.345144, -2.047775],
  [3.225726, 0.208196, -2.048868],
  [3.321521, 0.19229, -2.021094],
  [3.167652, 0.108515, -2.136545],
  [3.062366, 0.105134, -2.108538],
  [3.167607, 0.157524, -2.281061],
  [3.103183, 0.092745, -2.34249],
  [3.119584, 0.256412, -2.286991],
  [3.305988, 0.16403, -2.341141],
  [3.376539, 0.056903, -2.397232],
  [3.331223, -0.040682, -2.406586],
  [3.507558, 0.079984, -2.44084],
  [3.559019, 0.003159, -2.496639],
  [3.573682, 0.201351, -2.413448],
  [3.702856, 0.214143, -2.455346],
  [3.73672, 0.303462, -2.44579],
  [3.505425, 0.308312, -2.352186],
  [3.554396, 0.402106, -2.330539],
  [3.370725, 0.286498, -2.32088],
  [3.313907, 0.36824, -2.279],
  [3.217818, -0.033552, -2.114971],
  [3.330702, -0.054901, -2.071313],
  [3.131773, -0.133148, -2.137313],
  [3.036826, -0.109213, -2.162074],
  [3.161371, -0.274776, -2.129485],
  [3.266967, -0.291009, -2.151095],
  [3.12881, -0.329992, -1.991002],
  [3.049092, -0.271369, -1.947077],
  [3.09718, -0.433118, -2.000262],
  [3.251806, -0.323037, -1.900945],
  [3.286375, -0.219798, -1.894364],
  [3.225155, -0.355468, -1.800275],
  [3.363878, -0.410882, -1.954691],
  [3.344463, -0.52466, -1.996901],
  [3.490889, -0.374373, -1.935792],
  [3.51204, -0.289002, -1.886136],
  [3.56583, -0.43212, -1.971148],
  [3.076771, -0.344577, -2.235009],
  [2.978542, -0.283572, -2.276648],
  [3.126011, -0.458621, -2.283912],
  [3.210442, -0.495438, -2.242476],
  [3.069697, -0.536468, -2.392378],
  [2.978777, -0.488973, -2.429241],
  [3.17584, -0.538566, -2.501996],
  [3.248203, -0.592337, -2.467881],
  [3.136739, -0.586496, -2.575923],
  [3.239922, -0.415442, -2.561453],
  [3.16707, -0.29589, -2.561617],
  [3.064838, -0.292267, -2.526983],
  [3.232269, -0.181231, -2.608548],
  [3.181255, -0.086054, -2.61024],
  [3.364525, -0.19168, -2.653256],
  [3.414792, -0.101876, -2.686003],
  [3.434946, -0.312599, -2.657681],
  [3.536639, -0.316642, -2.693823],
  [3.369186, -0.428105, -2.613706],
  [3.417053, -0.524717, -2.619946],
  [3.038232, -0.675793, -2.339808],
  [3.126521, -0.739665, -2.282975],
  [2.914621, -0.719538, -2.364885],
  [2.850806, -0.651732, -2.404013],
  [2.855403, -0.850296, -2.345092],
  [2.918343, -0.903717, -2.283824],
  [2.764107, -0.836308, -2.299945],
  [2.832129, -0.933512, -2.470384],
  [2.882319, -0.896904, -2.576428],
  [2.761525, -1.045488, -2.453098],
  [2.733797, -1.070216, -2.359179],
  [2.719935, -1.136796, -2.557641],
  [2.809273, -1.181448, -2.601297],
  [2.645075, -1.245411, -2.480923],
  [2.708664, -1.2844, -2.400708],
  [2.558306, -1.201699, -2.43034],
  [2.600406, -1.358391, -2.569583],
  [2.674274, -1.402123, -2.679416],
  [2.610718, -1.51269, -2.718889],
  [2.640086, -1.572043, -2.804204],
  [2.505932, -1.541362, -2.639931],
  [2.444855, -1.621227, -2.649527],
  [2.495857, -1.443125, -2.543393],
  [2.422155, -1.434895, -2.464881],
  [2.638467, -1.074162, -2.669913],
  [2.673342, -1.098116, -2.785301],
  [2.538896, -0.991627, -2.636807],
  [2.52229, -0.975408, -2.538511],
  [2.450225, -0.9213, -2.727294],
  [2.503735, -0.9121, -2.821809],
  [2.316442, -0.987115, -2.759806],
  [2.259205, -0.925916, -2.829517],
  [2.298745, -1.138077, -2.827595],
  [2.389248, -1.126326, -2.814739],
  [2.342736, -1.125561, -2.818359],
  [2.248108, -1.171672, -2.846653],
  [2.406362, -1.116355, -2.906383],
  [2.392545, -1.187686, -2.743924],
  [2.243671, -1.008879, -2.641014],
  [2.304339, -1.039857, -2.573369],
  [2.410023, -0.780195, -2.686815],
  [2.361331, -0.702978, -2.769103],
  [2.421434, -0.747129, -2.557978],
  [2.441169, -0.819923, -2.490804],
  [2.407521, -0.612674, -2.505785],
  [2.34126, -0.554188, -2.569581],
  [2.345624, -0.630083, -2.367392],
  [2.403342, -0.700172, -2.314149],
  [2.346775, -0.536682, -2.318881],
  [2.201489, -0.680061, -2.371156],
  [2.151379, -0.626656, -2.444775],
  [2.203705, -0.781412, -2.39365],
  [2.12426, -0.663057, -2.240643],
  [2.163089, -0.732392, -2.166296],
  [2.136092, -0.561063, -2.204592],
  [1.976257, -0.69168, -2.264359],
  [1.946688, -0.653007, -2.36216],
  [1.959528, -0.799634, -2.265331],
  [1.85809, -0.64788, -2.16864],
  [1.92182, -0.606828, -2.142372],
  [1.893329, -0.629869, -2.159762],
  [1.798695, -0.664417, -2.166961],
  [1.930792, -0.653135, -2.068897],
  [1.893481, -0.529554, -2.171508],
  [2.536526, -0.536195, -2.479831],
  [2.638107, -0.594676, -2.442874],
  [2.534015, -0.405843, -2.508547],
  [2.452715, -0.365969, -2.553284],
  [2.644485, -0.317192, -2.477994],
  [2.73737, -0.372736, -2.465023],
  [2.657831, -0.211734, -2.58748],
  [2.684029, -0.269046, -2.676419],
  [2.524077, -0.112794, -2.591775],
  [2.550561, -0.123717, -2.679372],
  [2.542834, -0.122534, -2.633372],
  [2.485889, -0.089088, -2.546656],
  [2.582787, -0.035932, -2.686145],
  [2.47757, -0.178779, -2.700143],
  [2.764177, -0.098935, -2.526942],
  [2.810097, -0.144738, -2.592419],
  [2.781219, -0.125952, -2.560953],
  [2.759444, -0.054434, -2.48163],
  [2.864085, -0.189853, -2.530448],
  [2.808385, -0.072206, -2.651807],
  [2.601208, -0.250796, -2.348058],
  [2.482423, -0.223044, -2.333069],
  [2.697989, -0.213692, -2.263921],
  [2.794473, -0.231407, -2.287961],
  [2.67127, -0.148084, -2.137518],
  [2.5